0 0.71640625 0.41640625 0.08125 0.1140625
0 0.8140625 0.39296875 0.0765625 0.0890625
0 0.69296875 0.2609375 0.1625 0.1625
0 0.7828125 0.16875 0.1171875 0.0796875
0 0.68046875 0.13671875 0.0546875 0.0515625
0 0.53203125 0.0984375 0.1078125 0.075
0 0.40078125 0.13671875 0.10625 0.134375
0 0.24375 0.0984375 0.203125 0.1625
0 0.7046875 0.8234375 0.14375 0.0671875
0 0.8984375 0.93359375 0.103125 0.0875
0 0.95546875 0.8421875 0.0890625 0.0984375
0 0.9578125 0.6796875 0.084375 0.0703125
0 0.48125 0.65 0.10625 0.1390625
0 0.31875 0.67890625 0.1703125 0.1484375