0 0.82421875 0.8828125 0.1796875 0.234375
0 0.96953125 0.9078125 0.0578125 0.184375
0 0.81328125 0.68125 0.0640625 0.1828125
0 0.709375 0.734375 0.03125 0.04375
0 0.64140625 0.33515625 0.0359375 0.0703125
0 0.71796875 0.3203125 0.0484375 0.0546875
0 0.915625 0.08125 0.0828125 0.0890625
0 0.115625 0.08828125 0.1015625 0.0578125
0 0.24609375 0.203125 0.0640625 0.0734375
0 0.04140625 0.5890625 0.0640625 0.0453125
0 0.1875 0.6625 0.04375 0.0875
0 0.23671875 0.6046875 0.0375 0.0546875
0 0.0625 0.95625 0.0421875 0.0375
0 0.984375 0.5140625 0.03125 0.0640625