0 0.390625 0.3921875 0.1578125 0.1875
0 0.57734375 0.4328125 0.1203125 0.1078125
0 0.609375 0.3890625 0.08125 0.0765625
0 0.60703125 0.32578125 0.065625 0.05625
0 0.21328125 0.30078125 0.0734375 0.0484375
0 0.42578125 0.15703125 0.0984375 0.11875
0 0.425 0.696875 0.1046875 0.0953125
0 0.04375 0.66953125 0.0859375 0.2078125
0 0.8453125 0.1109375 0.071875 0.0484375
0 0.94921875 0.25859375 0.046875 0.0453125
0 0.203125 0.2046875 0.0640625 0.0578125
0 0.0625 0.290625 0.071875 0.06875
0 0.85078125 0.7421875 0.121875 0.0984375