0 0.9015625 0.75625 0.196875 0.14375
0 0.74921875 0.66171875 0.0828125 0.071875
0 0.640625 0.85234375 0.0734375 0.0640625
0 0.45390625 0.69140625 0.09375 0.13125
0 0.346875 0.51328125 0.0546875 0.115625
0 0.06875 0.5046875 0.1078125 0.1046875
0 0.48984375 0.159375 0.0953125 0.1203125
0 0.29375 0.15 0.1375 0.09375
0 0.12109375 0.2046875 0.109375 0.11875
0 0.09296875 0.5875 0.0796875 0.078125
0 0.025 0.60546875 0.05 0.096875
0 0.1828125 0.49609375 0.0703125 0.053125
0 0.2484375 0.81484375 0.0546875 0.0484375
0 0.12734375 0.84453125 0.0875 0.0515625
0 0.16328125 0.69765625 0.0515625 0.065625
0 0.79453125 0.0921875 0.0515625 0.0625