0 0.4296875 0.0875 0.1328125 0.1359375
0 0.7734375 0.290625 0.125 0.2078125
0 0.54765625 0.65859375 0.1078125 0.1125
0 0.7890625 0.76875 0.1265625 0.1375
0 0.75078125 0.65546875 0.0859375 0.0765625
0 0.68046875 0.48671875 0.121875 0.115625
0 0.78125 0.5265625 0.0546875 0.046875
0 0.22734375 0.696875 0.1265625 0.0984375
0 0.1515625 0.77578125 0.078125 0.0828125
0 0.21015625 0.52265625 0.0953125 0.065625
0 0.04140625 0.25078125 0.0671875 0.1078125
0 0.1625 0.1796875 0.15 0.103125
0 0.43046875 0.2078125 0.1859375 0.1
0 0.5125 0.878125 0.1640625 0.10625
0 0.58515625 0.26953125 0.171875 0.1140625