0 0.55859375 0.4609375 0.1390625 0.1796875
0 0.33046875 0.25625 0.0953125 0.134375
0 0.2484375 0.0984375 0.08125 0.096875
0 0.17890625 0.02265625 0.0703125 0.0453125
0 0.3609375 0.37109375 0.1296875 0.128125
0 0.3359375 0.4546875 0.1109375 0.1140625
0 0.30546875 0.65859375 0.1125 0.1546875
0 0.48828125 0.8484375 0.1703125 0.303125
0 0.77890625 0.7109375 0.071875 0.075
0 0.70703125 0.615625 0.065625 0.0859375
0 0.39921875 0.67890625 0.103125 0.1609375
0 0.890625 0.39296875 0.0671875 0.0484375
0 0.83046875 0.30625 0.053125 0.046875
0 0.92265625 0.2796875 0.053125 0.05
0 0.7765625 0.1859375 0.046875 0.0515625
0 0.59296875 0.175 0.0859375 0.0765625
0 0.42578125 0.09921875 0.0984375 0.0671875
0 0.38203125 0.15703125 0.06875 0.0640625
0 0.72734375 0.0953125 0.165625 0.1015625
0 0.65390625 0.04375 0.071875 0.046875
0 0.57109375 0.1140625 0.0671875 0.0609375
0 0.51171875 0.02890625 0.0671875 0.053125
0 0.8875 0.0328125 0.06875 0.0484375
0 0.9046875 0.55546875 0.0484375 0.0578125