0 0.540625 0.77578125 0.1140625 0.109375
0 0.434375 0.628125 0.084375 0.1140625
0 0.10859375 0.91953125 0.0921875 0.08125
0 0.034375 0.89921875 0.034375 0.053125
0 0.5375 0.57734375 0.0484375 0.0421875
0 0.6046875 0.44609375 0.046875 0.05625
0 0.634375 0.36796875 0.05625 0.046875
0 0.6171875 0.271875 0.0546875 0.05
0 0.028125 0.10390625 0.05625 0.2078125
0 0.81015625 0.1640625 0.0671875 0.1421875
0 0.63203125 0.7953125 0.0359375 0.05
0 0.48828125 0.87265625 0.046875 0.04375
0 0.446875 0.15703125 0.0609375 0.1109375
0 0.640625 0.9046875 0.04375 0.05625
0 0.78046875 0.59765625 0.08125 0.0640625