0 0.56640625 0.290625 0.1171875 0.1171875
0 0.75 0.33203125 0.0953125 0.0921875
0 0.6078125 0.13671875 0.1421875 0.103125
0 0.44921875 0.03359375 0.1890625 0.0671875
0 0.28515625 0.02421875 0.1140625 0.0484375
0 0.471875 0.41484375 0.0625 0.11875
0 0.43125 0.26796875 0.1125 0.0765625
0 0.521875 0.83203125 0.0765625 0.084375
0 0.4734375 0.9125 0.0796875 0.0890625
0 0.08984375 0.95859375 0.0578125 0.08125
0 0.2796875 0.390625 0.0484375 0.053125
0 0.52265625 0.61328125 0.0609375 0.065625
0 0.4765625 0.6390625 0.059375 0.0484375
0 0.3484375 0.096875 0.0625 0.046875
0 0.75703125 0.04453125 0.0765625 0.0828125