0 0.92109375 0.8640625 0.0890625 0.103125
0 0.61171875 0.48671875 0.0859375 0.046875
0 0.90546875 0.36953125 0.03125 0.025
0 0.95546875 0.37421875 0.0515625 0.040625
0 0.7390625 0.334375 0.0359375 0.0328125
0 0.39921875 0.2828125 0.028125 0.0359375
0 0.11796875 0.553125 0.0765625 0.0890625
0 0.3890625 0.67890625 0.15625 0.0953125
0 0.15859375 0.28046875 0.1421875 0.225
0 0.08125 0.07578125 0.05 0.059375
0 0.6703125 0.16796875 0.0796875 0.0765625
0 0.6265625 0.26328125 0.040625 0.0453125
0 0.6890625 0.08515625 0.0265625 0.0390625
0 0.01875 0.090625 0.0375 0.18125