0 0.19609375 0.49765625 0.203125 0.346875
0 0.4640625 0.2203125 0.1140625 0.228125
0 0.8828125 0.1109375 0.234375 0.2203125
0 0.5609375 0.0375 0.1515625 0.075
0 0.10703125 0.2390625 0.1421875 0.165625
0 0.13984375 0.03203125 0.1546875 0.0640625
0 0.259375 0.04296875 0.0984375 0.0859375
0 0.1390625 0.12578125 0.2109375 0.1421875
0 0.30546875 0.94140625 0.1484375 0.1125
0 0.46171875 0.8375 0.0578125 0.1640625
0 0.56328125 0.65390625 0.0828125 0.1453125
0 0.778125 0.8046875 0.1640625 0.1984375
0 0.9078125 0.93203125 0.090625 0.1359375
0 0.0421875 0.696875 0.0515625 0.2875