0 0.3203125 0.271875 0.109375 0.109375
0 0.253125 0.16796875 0.046875 0.0609375
0 0.1484375 0.11171875 0.075 0.1046875
0 0.16171875 0.2328125 0.0828125 0.090625
0 0.184375 0.340625 0.071875 0.1078125
0 0.3296875 0.046875 0.11875 0.09375
0 0.22734375 0.02890625 0.0640625 0.0578125
0 0.54609375 0.29609375 0.1078125 0.1359375
0 0.58125 0.1296875 0.084375 0.0890625
0 0.45 0.121875 0.0921875 0.1390625
0 0.68125 0.14453125 0.05 0.0625
0 0.78984375 0.12734375 0.075 0.0984375
0 0.74375 0.0328125 0.134375 0.0640625
0 0.85703125 0.065625 0.053125 0.0390625
0 0.90078125 0.13671875 0.0625 0.078125
0 0.9125 0.36953125 0.0859375 0.078125
0 0.7859375 0.63671875 0.10625 0.159375
0 0.51953125 0.628125 0.078125 0.128125
0 0.46015625 0.68046875 0.1265625 0.0921875
0 0.2765625 0.75703125 0.046875 0.09375
0 0.16484375 0.96796875 0.1109375 0.0640625
0 0.78046875 0.95078125 0.1171875 0.096875
0 0.9625 0.4828125 0.075 0.2140625
0 0.96953125 0.29375 0.0375 0.075
0 0.95703125 0.18203125 0.0546875 0.0671875
0 0.63984375 0.46328125 0.1 0.0890625
0 0.459375 0.79765625 0.08125 0.084375
0 0.39296875 0.8640625 0.0890625 0.0859375
0 0.25546875 0.85390625 0.084375 0.0890625
0 0.4546875 0.96640625 0.053125 0.0578125
0 0.58828125 0.8 0.065625 0.109375
0 0.7296875 0.72578125 0.059375 0.096875
0 0.45078125 0.41640625 0.0546875 0.078125
0 0.065625 0.5328125 0.0328125 0.0625
0 0.10234375 0.515625 0.040625 0.05
0 0.04296875 0.30625 0.046875 0.1078125
0 0.296875 0.3640625 0.028125 0.0515625
0 0.2796875 0.60703125 0.05625 0.0515625
0 0.5328125 0.96328125 0.075 0.0734375
0 0.06953125 0.77890625 0.040625 0.046875
0 0.49921875 0.40234375 0.040625 0.0578125