0 0.4375 0.80625 0.1375 0.1
0 0.6609375 0.94609375 0.0828125 0.0609375
0 0.78828125 0.87578125 0.059375 0.05625
0 0.815625 0.940625 0.0671875 0.059375
0 0.8890625 0.91796875 0.053125 0.04375
0 0.96640625 0.875 0.0671875 0.0453125
0 0.9140625 0.97890625 0.0765625 0.0421875
0 0.7546875 0.78359375 0.0984375 0.0546875
0 0.57109375 0.7890625 0.06875 0.0609375
0 0.5078125 0.7 0.1359375 0.0609375
0 0.27890625 0.80390625 0.0953125 0.059375
0 0.21875 0.7515625 0.0546875 0.059375
0 0.0609375 0.9359375 0.121875 0.125
0 0.16953125 0.9046875 0.05625 0.0609375
0 0.25 0.9265625 0.0515625 0.040625
0 0.0515625 0.64296875 0.103125 0.0875
0 0.671875 0.43359375 0.2015625 0.1
0 0.6875 0.36015625 0.096875 0.0609375
0 0.221875 0.2140625 0.059375 0.0671875
0 0.28984375 0.20703125 0.090625 0.1
0 0.375 0.2125 0.084375 0.0796875
0 0.70234375 0.25078125 0.053125 0.1296875
0 0.63359375 0.1609375 0.09375 0.0828125
0 0.8453125 0.2625 0.25625 0.196875
0 0.86796875 0.4109375 0.0796875 0.0578125
0 0.0375 0.171875 0.075 0.0640625
0 0.128125 0.121875 0.1203125 0.078125
0 0.06484375 0.1078125 0.1296875 0.0890625
0 0.51875 0.07421875 0.1953125 0.10625
0 0.378125 0.05078125 0.2203125 0.1015625
0 0.6796875 0.0828125 0.1390625 0.13125
0 0.79609375 0.1046875 0.1046875 0.109375
0 0.884375 0.09140625 0.1171875 0.1171875
0 0.83046875 0.01875 0.0875 0.0359375