0 0.9171875 0.225 0.165625 0.1046875
0 0.8359375 0.15390625 0.1515625 0.0796875
0 0.73828125 0.096875 0.0890625 0.0671875
0 0.5640625 0.95390625 0.2078125 0.0921875
0 0.6796875 0.8265625 0.23125 0.096875
0 0.96640625 0.85703125 0.0671875 0.13125
0 0.9203125 0.67265625 0.10625 0.0671875
0 0.14609375 0.8765625 0.1125 0.0609375
0 0.253125 0.3390625 0.296875 0.1421875
0 0.84375 0.33515625 0.0875 0.0515625
0 0.21484375 0.1890625 0.2546875 0.0640625
0 0.30390625 0.2453125 0.159375 0.0515625
0 0.925 0.77265625 0.0546875 0.05
0 0.603125 0.9515625 0.090625 0.078125
0 0.59296875 0.0328125 0.0390625 0.0296875
0 0.6484375 0.0421875 0.0328125 0.028125
0 0.56171875 0.240625 0.0765625 0.0625
0 0.725 0.25625 0.046875 0.028125
0 0.74765625 0.3015625 0.0453125 0.03125