0 0.7015625 0.53359375 0.378125 0.1890625
0 0.7515625 0.196875 0.1609375 0.0765625
0 0.79765625 0.15703125 0.14375 0.06875
0 0.903125 0.2421875 0.11875 0.0734375
0 0.12109375 0.07265625 0.0625 0.053125
0 0.0671875 0.1875 0.1 0.06875
0 0.59140625 0.21171875 0.11875 0.075
0 0.41875 0.05 0.05625 0.0609375
0 0.221875 0.11640625 0.0515625 0.053125
0 0.0390625 0.27109375 0.05625 0.0359375
0 0.10234375 0.0265625 0.0609375 0.053125
0 0.48125 0.22734375 0.090625 0.040625
0 0.52421875 0.06328125 0.08125 0.046875
0 0.77109375 0.0265625 0.0828125 0.0515625
0 0.97578125 0.02421875 0.0484375 0.0359375
0 0.96484375 0.621875 0.0703125 0.053125