0 0.3265625 0.434375 0.1734375 0.084375
0 0.3421875 0.3484375 0.090625 0.0625
0 0.19765625 0.0890625 0.103125 0.059375
0 0.73359375 0.0375 0.2390625 0.075
0 0.93125 0.315625 0.1328125 0.08125
0 0.96328125 0.6234375 0.0734375 0.1515625
0 0.89921875 0.7546875 0.1203125 0.0921875
0 0.26328125 0.57109375 0.08125 0.0515625
0 0.09140625 0.321875 0.0828125 0.06875
0 0.1359375 0.37734375 0.0796875 0.0390625
0 0.3296875 0.24140625 0.0703125 0.0375
0 0.53203125 0.21015625 0.065625 0.05
0 0.5265625 0.26640625 0.0984375 0.0359375
0 0.496875 0.43203125 0.065625 0.053125
0 0.65078125 0.3671875 0.0375 0.0328125
0 0.65703125 0.16015625 0.0765625 0.071875
0 0.56484375 0.1546875 0.1015625 0.0609375
0 0.8078125 0.21171875 0.0640625 0.0640625
0 0.9796875 0.21328125 0.040625 0.040625
0 0.953125 0.1171875 0.0578125 0.0421875
0 0.82734375 0.103125 0.0546875 0.0359375
0 0.87109375 0.13203125 0.05 0.0421875
0 0.02265625 0.06796875 0.0390625 0.0390625