0 0.0921875 0.47265625 0.1296875 0.078125
0 0.14609375 0.64921875 0.18125 0.084375
0 0.11953125 0.753125 0.1640625 0.1
0 0.17734375 0.871875 0.3546875 0.1453125
0 0.62890625 0.6890625 0.353125 0.1828125
0 0.67421875 0.5765625 0.1046875 0.0515625
0 0.7796875 0.3015625 0.1234375 0.078125
0 0.8609375 0.790625 0.0765625 0.0953125
0 0.40234375 0.6265625 0.071875 0.0515625
0 0.37734375 0.31796875 0.0609375 0.040625
0 0.15 0.55546875 0.13125 0.084375
0 0.24921875 0.5671875 0.0703125 0.0890625
0 0.40703125 0.9078125 0.1296875 0.184375
0 0.1890625 0.96328125 0.2 0.0734375
0 0.028125 0.94296875 0.05625 0.1109375
0 0.66484375 0.80546875 0.046875 0.0609375