0 0.0296875 0.73125 0.059375 0.1765625
0 0.24765625 0.78828125 0.1296875 0.090625
0 0.146875 0.7078125 0.0671875 0.059375
0 0.1015625 0.68828125 0.0765625 0.0515625
0 0.03671875 0.95078125 0.0734375 0.0796875
0 0.3453125 0.93203125 0.0875 0.0546875
0 0.73515625 0.959375 0.0921875 0.0484375
0 0.72890625 0.51796875 0.090625 0.08125
0 0.8546875 0.41484375 0.0828125 0.0671875
0 0.54765625 0.20390625 0.1171875 0.084375
0 0.3640625 0.1234375 0.134375 0.115625
0 0.1984375 0.0921875 0.1265625 0.075
0 0.07734375 0.15859375 0.0796875 0.05
0 0.33828125 0.453125 0.2265625 0.109375
0 0.50625 0.434375 0.1765625 0.1328125