0 0.3828125 0.56171875 0.6515625 0.2734375
0 0.2171875 0.3453125 0.15625 0.05625
0 0.2171875 0.2640625 0.090625 0.0609375
0 0.46328125 0.325 0.10625 0.059375
0 0.346875 0.38125 0.1203125 0.0640625
0 0.76484375 0.32734375 0.1296875 0.0828125
0 0.8265625 0.41015625 0.1390625 0.084375
0 0.8203125 0.509375 0.184375 0.08125
0 0.76015625 0.6296875 0.246875 0.1203125
0 0.84609375 0.73828125 0.3078125 0.1640625
0 0.87421875 0.90234375 0.2421875 0.1953125
0 0.0171875 0.30546875 0.034375 0.0796875
0 0.0390625 0.49453125 0.078125 0.19375
0 0.02421875 0.1125 0.0484375 0.06875
0 0.3515625 0.80859375 0.703125 0.3828125