0 0.2875 0.553125 0.1609375 0.125
0 0.1015625 0.6625 0.203125 0.1125
0 0.5703125 0.19140625 0.1671875 0.0859375
0 0.73125 0.55390625 0.1375 0.109375
0 0.715625 0.48359375 0.2671875 0.178125
0 0.6734375 0.68515625 0.2125 0.1015625
0 0.56796875 0.653125 0.0953125 0.071875
0 0.64921875 0.77578125 0.165625 0.0953125
0 0.1359375 0.64921875 0.115625 0.078125
0 0.07109375 0.76171875 0.1421875 0.0765625
0 0.678125 0.34296875 0.64375 0.31875
0 0.91953125 0.43203125 0.1609375 0.1359375
0 0.94453125 0.55859375 0.1109375 0.1203125
0 0.953125 0.77265625 0.09375 0.28125
0 0.74296875 0.87734375 0.2578125 0.125
0 0.85234375 0.77890625 0.1046875 0.1375
0 0.0375 0.27421875 0.075 0.2828125