0 0.49765625 0.69453125 0.209375 0.16875
0 0.42265625 0.81640625 0.1078125 0.1078125
0 0.63515625 0.678125 0.1125 0.1265625
0 0.4125 0.59140625 0.0625 0.0859375
0 0.73671875 0.24609375 0.171875 0.1515625
0 0.18046875 0.3359375 0.1125 0.146875
0 0.1265625 0.1546875 0.10625 0.1375
0 0.4328125 0.28828125 0.0953125 0.1390625
0 0.35234375 0.22109375 0.1046875 0.196875
0 0.4421875 0.12109375 0.0796875 0.0578125
0 0.17578125 0.053125 0.2734375 0.10625
0 0.22578125 0.13359375 0.053125 0.0515625
0 0.8609375 0.359375 0.0625 0.040625
0 0.9453125 0.3984375 0.09375 0.05625
0 0.88671875 0.46796875 0.13125 0.140625
0 0.87109375 0.61484375 0.153125 0.1890625
0 0.92578125 0.71796875 0.1484375 0.125
0 0.9234375 0.8734375 0.071875 0.16875
0 0.490625 0.9578125 0.16875 0.084375
0 0.5875 0.30390625 0.128125 0.1265625
0 0.5671875 0.06484375 0.1671875 0.1296875