0 0.346875 0.084375 0.2234375 0.1453125
0 0.38203125 0.0234375 0.10625 0.046875
0 0.703125 0.0765625 0.1640625 0.078125
0 0.73203125 0.021875 0.15625 0.04375
0 0.58203125 0.6234375 0.196875 0.109375
0 0.4421875 0.58828125 0.0828125 0.078125
0 0.4609375 0.95625 0.1421875 0.0875
0 0.68125 0.83984375 0.08125 0.084375
0 0.640625 0.9046875 0.1140625 0.0640625
0 0.88515625 0.9484375 0.165625 0.053125
0 0.8265625 0.74375 0.1046875 0.071875
0 0.90234375 0.6046875 0.0953125 0.0625
0 0.96640625 0.5671875 0.0671875 0.065625
0 0.02578125 0.75703125 0.0515625 0.0390625
0 0.10546875 0.8953125 0.075 0.04375
0 0.38671875 0.69296875 0.0671875 0.0484375
0 0.43046875 0.74921875 0.1234375 0.10625
0 0.31640625 0.95625 0.06875 0.0875
0 0.8984375 0.86875 0.075 0.0375
0 0.728125 0.4609375 0.075 0.05625
0 0.465625 0.32265625 0.059375 0.0734375