0 0.81328125 0.5734375 0.2671875 0.1046875
0 0.11171875 0.16640625 0.1890625 0.1109375
0 0.04921875 0.08046875 0.0984375 0.075
0 0.0453125 0.2703125 0.0734375 0.05
0 0.1203125 0.2390625 0.0921875 0.0546875
0 0.41796875 0.0828125 0.103125 0.04375
0 0.371875 0.165625 0.0625 0.034375
0 0.46796875 0.1484375 0.0515625 0.0390625
0 0.9703125 0.19609375 0.059375 0.0703125
0 0.22578125 0.7734375 0.1375 0.0953125
0 0.12734375 0.59375 0.0875 0.0546875
0 0.32109375 0.70625 0.09375 0.0515625
0 0.384375 0.76640625 0.096875 0.0546875
0 0.5453125 0.84921875 0.078125 0.0640625
0 0.29140625 0.84140625 0.0875 0.0578125
0 0.45 0.959375 0.09375 0.053125
0 0.61796875 0.9171875 0.0671875 0.0390625
0 0.690625 0.91953125 0.0734375 0.046875
0 0.8265625 0.93125 0.0703125 0.053125
0 0.590625 0.71796875 0.04375 0.0328125
0 0.68359375 0.69140625 0.0734375 0.040625
0 0.88671875 0.69609375 0.15625 0.1109375
0 0.38671875 0.2515625 0.0890625 0.0546875
0 0.13515625 0.6984375 0.06875 0.05
0 0.14921875 0.9328125 0.0796875 0.05625
0 0.37109375 0.64140625 0.1234375 0.05
0 0.61484375 0.77890625 0.0609375 0.040625
0 0.03359375 0.86328125 0.0484375 0.03125