0 0.38046875 0.709375 0.0671875 0.0921875
0 0.20859375 0.4625 0.0671875 0.09375
0 0.11171875 0.41640625 0.0296875 0.0359375
0 0.13828125 0.3671875 0.015625 0.0203125
0 0.30546875 0.4015625 0.0265625 0.0296875
0 0.284375 0.34453125 0.028125 0.0375
0 0.33515625 0.384375 0.0125 0.0109375
0 0.35859375 0.36484375 0.0046875 0.00625
0 0.36328125 0.3453125 0.0140625 0.0203125
0 0.3515625 0.33046875 0.015625 0.0234375
0 0.33046875 0.32421875 0.034375 0.040625
0 0.41015625 0.3046875 0.0296875 0.0359375
0 0.428125 0.32890625 0.0171875 0.0265625
0 0.471875 0.31484375 0.0515625 0.0640625
0 0.490625 0.29609375 0.0125 0.0140625
0 0.52734375 0.33984375 0.046875 0.05625
0 0.5765625 0.3078125 0.00625 0.0078125
0 0.56171875 0.2515625 0.028125 0.0359375
0 0.63828125 0.30234375 0.071875 0.0828125
0 0.65234375 0.23203125 0.021875 0.0234375
0 0.7046875 0.2609375 0.0234375 0.025
0 0.71171875 0.34609375 0.0203125 0.0234375
0 0.7390625 0.2140625 0.040625 0.0484375
0 0.8 0.27890625 0.0640625 0.071875
0 0.83671875 0.2203125 0.0453125 0.0546875
0 0.8796875 0.20625 0.0734375 0.084375