0 0.00390625 0.72890625 0.0078125 0.0984375
0 0.23125 0.77890625 0.0359375 0.05
0 0.26171875 0.73515625 0.034375 0.0375
0 0.3078125 0.72109375 0.0140625 0.0203125
0 0.3484375 0.734375 0.00625 0.009375
0 0.37109375 0.75546875 0.0515625 0.0703125
0 0.4015625 0.72578125 0.00625 0.0078125
0 0.4125 0.7140625 0.0078125 0.009375
0 0.46640625 0.76484375 0.0328125 0.04375
0 0.49609375 0.73125 0.0140625 0.0234375
0 0.5015625 0.84140625 0.0125 0.01875
0 0.56953125 0.7546875 0.0109375 0.015625
0 0.57890625 0.759375 0.00625 0.0078125
0 0.58984375 0.8 0.0171875 0.025
0 0.61328125 0.76328125 0.0046875 0.0078125
0 0.64453125 0.7890625 0.0734375 0.0984375
0 0.675 0.76796875 0.015625 0.021875
0 0.69609375 0.85234375 0.00625 0.0109375
0 0.7328125 0.75390625 0.01875 0.025
0 0.82421875 0.8265625 0.0390625 0.0515625
0 0.90390625 0.79375 0.034375 0.0421875
0 0.96640625 0.790625 0.0546875 0.0640625