0 0.43203125 0.38125 0.028125 0.04375
0 0.46484375 0.328125 0.0125 0.01875
0 0.6359375 0.353125 0.028125 0.04375
0 0.6765625 0.3453125 0.034375 0.04375
0 0.72890625 0.3640625 0.021875 0.028125
0 0.77734375 0.34921875 0.03125 0.0375
0 0.775 0.3921875 0.021875 0.0296875
0 0.7875 0.425 0.00625 0.0125
0 0.771875 0.45390625 0.01875 0.025
0 0.73515625 0.46953125 0.040625 0.05
0 0.7234375 0.76015625 0.171875 0.35
0 0.83984375 0.39140625 0.021875 0.0421875
0 0.89296875 0.378125 0.01875 0.0265625
0 0.94296875 0.3984375 0.0796875 0.0890625
0 0.9140625 0.3734375 0.015625 0.0203125
0 0.98671875 0.43515625 0.0265625 0.034375