0 0.009375 0.33671875 0.01875 0.0421875
0 0.10625 0.42109375 0.00859375 0.0109375
0 0.13984375 0.4640625 0.06875 0.08046875
0 0.1453125 0.3453125 0.02265625 0.02578125
0 0.265625 0.353125 0.03359375 0.0453125
0 0.2546875 0.440625 0.01953125 0.04921875
0 0.2953125 0.43046875 0.06953125 0.09296875
0 0.40625 0.384375 0.0265625 0.0484375
0 0.44140625 0.38125 0.0421875 0.0625
0 0.4796875 0.4375 0.04296875 0.065625
0 0.509375 0.3828125 0.021875 0.03125
0 0.59921875 0.39375 0.0234375 0.0265625
0 0.578125 0.503125 0.0171875 0.02265625
0 0.75625 0.3890625 0.0203125 0.02734375