0 0.13984375 0.009375 0.0359375 0.01875
0 0.1671875 0.015625 0.040625 0.03125
0 0.446875 0.175 0.265625 0.35
0 0.46328125 0.00625 0.0265625 0.0125
0 0.48515625 0.0078125 0.0328125 0.015625
0 0.5234375 0.02734375 0.0359375 0.0421875
0 0.54140625 0.021875 0.0484375 0.04375
0 0.5875 0.0421875 0.0609375 0.078125
0 0.61640625 0.0359375 0.021875 0.0390625
0 0.63828125 0.03671875 0.034375 0.0390625
0 0.65546875 0.0375 0.021875 0.0296875
0 0.68203125 0.0484375 0.0296875 0.0296875
0 0.74140625 0.0609375 0.0078125 0.0109375
0 0.796875 0.07109375 0.009375 0.0140625
0 0.834375 0.07265625 0.015625 0.0125
0 0.9578125 0.10390625 0.0296875 0.015625