0 0.06953125 0.58046875 0.1390625 0.1890625
0 0.15234375 0.57890625 0.05546875 0.08984375
0 0.03359375 0.51328125 0.0671875 0.0828125
0 0.03203125 0.4640625 0.015625 0.01953125
0 0.14296875 0.41640625 0.02734375 0.034375
0 0.1734375 0.44765625 0.00703125 0.00625
0 0.309375 0.41796875 0.021875 0.0296875
0 0.4515625 0.4640625 0.0265625 0.0390625
0 0.46875 0.3828125 0.0234375 0.0421875
0 0.4984375 0.41796875 0.07734375 0.09921875
0 0.51015625 0.3640625 0.01171875 0.01640625
0 0.5859375 0.4171875 0.02578125 0.04765625
0 0.5953125 0.45703125 0.0046875 0.0078125
0 0.709375 0.36484375 0.03984375 0.06015625
0 0.721875 0.4859375 0.0203125 0.02109375
0 0.85859375 0.38828125 0.02890625 0.02578125
0 0.87421875 0.35703125 0.04921875 0.05859375
0 0.9078125 0.38515625 0.0328125 0.02890625
0 0.96015625 0.55859375 0.0796875 0.1703125