0 0.1609375 0.29375 0.015625 0.0203125
0 0.0390625 0.20546875 0.0375 0.053125
0 0.06640625 0.18515625 0.0578125 0.0890625
0 0.13203125 0.171875 0.0921875 0.1109375
0 0.184375 0.21484375 0.0890625 0.0921875
0 0.14296875 0.08671875 0.0234375 0.028125
0 0.246875 0.140625 0.0515625 0.0625
0 0.4296875 0.25078125 0.021875 0.034375
0 0.48359375 0.13671875 0.0109375 0.0140625
0 0.55390625 0.228125 0.0421875 0.05625
0 0.59921875 0.1109375 0.021875 0.034375
0 0.8015625 0.1390625 0.0421875 0.075
0 0.92265625 0.09140625 0.01875 0.0203125