0 0.43125 0.37890625 0.02890625 0.04375
0 0.46484375 0.32578125 0.01171875 0.01796875
0 0.634375 0.3515625 0.02734375 0.04375
0 0.675 0.34375 0.03515625 0.04453125
0 0.7265625 0.36171875 0.0203125 0.02890625
0 0.775 0.346875 0.03203125 0.03828125
0 0.771875 0.38984375 0.02265625 0.0296875
0 0.78515625 0.42265625 0.00546875 0.01171875
0 0.76953125 0.4515625 0.01875 0.02421875
0 0.7328125 0.4671875 0.04140625 0.05078125
0 0.721875 0.75625 0.16953125 0.34765625
0 0.83671875 0.38984375 0.021875 0.0421875
0 0.8890625 0.37578125 0.01953125 0.02578125
0 0.93984375 0.39609375 0.0796875 0.08828125
0 0.9109375 0.371875 0.01484375 0.0203125
0 0.9828125 0.4328125 0.02578125 0.034375