0 0.953125 0.81640625 0.09296875 0.13515625
0 0.78125 0.7875 0.0453125 0.05546875
0 0.521875 0.78515625 0.03125 0.0421875
0 0.4890625 0.80546875 0.01875 0.01953125
0 0.4609375 0.803125 0.0171875 0.02265625
0 0.4046875 0.775 0.0296875 0.04609375
0 0.24375 0.74921875 0.01171875 0.0140625
0 0.23984375 0.79375 0.02109375 0.02578125
0 0.22578125 0.88984375 0.1234375 0.2203125
0 0.19609375 0.76953125 0.02109375 0.0296875
0 0.16875 0.75859375 0.028125 0.03828125
0 0.14140625 0.77890625 0.05234375 0.06328125
0 0.10859375 0.840625 0.2171875 0.315625