0 0.1703125 0.6890625 0.06015625 0.0796875
0 0.01171875 0.3875 0.02265625 0.11015625
0 0.04375 0.36328125 0.0734375 0.128125
0 0.096875 0.42890625 0.065625 0.07421875
0 0.09375 0.37890625 0.03203125 0.0453125
0 0.5109375 0.31640625 0.04296875 0.05625
0 0.55703125 0.340625 0.0578125 0.0921875
0 0.56640625 0.3609375 0.0390625 0.05234375
0 0.6046875 0.31640625 0.0765625 0.11171875
0 0.6890625 0.2703125 0.01796875 0.02421875
0 0.6984375 0.28359375 0.01171875 0.0109375
0 0.7984375 0.31328125 0.0703125 0.08671875
0 0.85078125 0.246875 0.01015625 0.01015625
0 0.89453125 0.22421875 0.01171875 0.0109375
0 0.96796875 0.4296875 0.0640625 0.1125