0 0.0890625 0.6546875 0.16875 0.2109375
0 0.1703125 0.63828125 0.0703125 0.0984375
0 0.0421875 0.59453125 0.078125 0.0921875
0 0.03046875 0.54609375 0.01875 0.021875
0 0.13203125 0.47890625 0.0328125 0.0390625
0 0.16796875 0.50546875 0.009375 0.0078125
0 0.296875 0.4515625 0.0265625 0.0328125
0 0.446875 0.47265625 0.0328125 0.04375
0 0.44921875 0.3890625 0.03125 0.046875
0 0.48515625 0.41875 0.09375 0.1109375
0 0.48671875 0.36328125 0.0140625 0.01875
0 0.571875 0.403125 0.034375 0.0515625
0 0.58828125 0.440625 0.00625 0.009375
0 0.684375 0.3296875 0.05 0.065625
0 0.71875 0.446875 0.025 0.025
0 0.83671875 0.3265625 0.034375 0.03125
0 0.846875 0.29296875 0.059375 0.065625
0 0.884375 0.31484375 0.0375 0.034375
0 0.95625 0.47734375 0.0875 0.1828125