0 0.09921875 0.7203125 0.1984375 0.409375
0 0.05703125 0.2546875 0.0390625 0.0609375
0 0.1109375 0.2546875 0.059375 0.0640625
0 0.171875 0.29140625 0.03125 0.0375
0 0.15546875 0.40859375 0.0609375 0.065625
0 0.20234375 0.39609375 0.025 0.0296875
0 0.22421875 0.36640625 0.0109375 0.0125
0 0.2171875 0.33125 0.0296875 0.0375
0 0.23046875 0.2875 0.04375 0.05
0 0.2828125 0.33984375 0.0265625 0.0390625
0 0.33046875 0.33671875 0.0203125 0.0234375
0 0.36328125 0.3578125 0.0734375 0.0875
0 0.3875 0.3921875 0.021875 0.0296875
0 0.42421875 0.32265625 0.03125 0.0390625
0 0.47578125 0.40625 0.009375 0.0140625
0 0.49375 0.4515625 0.065625 0.078125
0 0.5203125 0.353125 0.0234375 0.0234375
0 0.61640625 0.3828125 0.0390625 0.0484375
0 0.5890625 0.45859375 0.034375 0.053125
0 0.6234375 0.46171875 0.0828125 0.1
0 0.74375 0.44765625 0.040625 0.05625
0 0.784375 0.453125 0.0625 0.0796875
0 0.78359375 0.471875 0.03125 0.0421875
0 0.815625 0.52890625 0.071875 0.0890625
0 0.86796875 0.4765625 0.040625 0.05
0 0.98515625 0.525 0.0296875 0.04375
0 0.92734375 0.64921875 0.0296875 0.034375