0 0.1578125 0.3515625 0.0140625 0.01875
0 0.01171875 0.1890625 0.0234375 0.03046875
0 0.03671875 0.27578125 0.0328125 0.0484375
0 0.0609375 0.2546875 0.0484375 0.08125
0 0.12265625 0.23828125 0.08125 0.1
0 0.175 0.275 0.07890625 0.08203125
0 0.12734375 0.15625 0.0203125 0.02578125
0 0.22890625 0.20078125 0.0453125 0.05625
0 0.40859375 0.29296875 0.01953125 0.03203125
0 0.453125 0.18203125 0.009375 0.0125
0 0.52578125 0.26328125 0.0375 0.05078125
0 0.56015625 0.14921875 0.01875 0.03125
0 0.75390625 0.1625 0.03515625 0.06796875
0 0.86484375 0.109375 0.0171875 0.01875