0 0.0203125 0.8421875 0.02265625 0.02890625
0 0.1703125 0.6734375 0.05625 0.06796875
0 0.371875 0.72421875 0.0375 0.0453125
0 0.48984375 0.68046875 0.040625 0.06953125
0 0.540625 0.66875 0.0546875 0.08984375
0 0.55625 0.6890625 0.0265625 0.04765625
0 0.6578125 0.665625 0.02578125 0.03359375
0 0.58359375 0.82109375 0.0578125 0.103125
0 0.6265625 0.79140625 0.0734375 0.1515625
0 0.7390625 0.78046875 0.1828125 0.22890625
0 0.85078125 0.9171875 0.2890625 0.165625
0 0.7796875 0.640625 0.021875 0.03046875
0 0.94921875 0.72265625 0.1015625 0.11953125