0 0.11484375 0.7078125 0.1578125 0.175
0 0.3921875 0.6015625 0.0203125 0.028125
0 0.409375 0.60859375 0.0328125 0.0484375
0 0.43125 0.60546875 0.0234375 0.0328125
0 0.5484375 0.5625 0.0578125 0.0765625
0 0.5703125 0.578125 0.0421875 0.0484375
0 0.6953125 0.55703125 0.03125 0.04375
0 0.7859375 0.5015625 0.034375 0.0375
0 0.8796875 0.4859375 0.0765625 0.0828125
0 0.8984375 0.465625 0.009375 0.015625
0 0.925 0.5578125 0.0203125 0.021875
0 0.99140625 0.42421875 0.0078125 0.0125
0 0.9921875 0.46328125 0.015625 0.0453125