0 0.11875 0.4109375 0.0703125 0.078125
0 0.1734375 0.453125 0.0921875 0.1125
0 0.2328125 0.43515625 0.109375 0.1328125
0 0.334375 0.40390625 0.0203125 0.028125
0 0.340625 0.4203125 0.0125 0.015625
0 0.42109375 0.46796875 0.075 0.0890625
0 0.52890625 0.584375 0.0625 0.0953125
0 0.71640625 0.54765625 0.3640625 0.403125
0 0.58203125 0.4265625 0.0234375 0.0359375
0 0.503125 0.409375 0.0109375 0.0109375
0 0.4703125 0.41875 0.009375 0.009375
0 0.87265625 0.49140625 0.053125 0.059375
0 0.99453125 0.47734375 0.0109375 0.0421875