0 0.1375 0.61875 0.0765625 0.090625
0 0.0453125 0.2859375 0.04375 0.1125
0 0.08203125 0.26953125 0.1 0.1421875
0 0.11953125 0.34609375 0.08125 0.0875
0 0.12734375 0.2953125 0.0421875 0.0515625
0 0.553125 0.32109375 0.0546875 0.065625
0 0.59375 0.35546875 0.0765625 0.103125
0 0.5984375 0.37734375 0.05 0.0609375
0 0.64609375 0.34140625 0.0984375 0.1265625
0 0.7390625 0.31328125 0.021875 0.028125
0 0.7453125 0.328125 0.0140625 0.0125
0 0.83828125 0.37890625 0.0875 0.1
0 0.90390625 0.325 0.0125 0.0125
0 0.95234375 0.3109375 0.0140625 0.0140625
0 0.96875 0.52890625 0.0625 0.1234375