0 0.0859375 0.6375 0.1328125 0.15234375
0 0.37578125 0.58203125 0.015625 0.0265625
0 0.39140625 0.5921875 0.025 0.04453125
0 0.4125 0.59296875 0.01796875 0.02890625
0 0.53515625 0.571875 0.0453125 0.0703125
0 0.55390625 0.58984375 0.034375 0.04375
0 0.6796875 0.59140625 0.025 0.03984375
0 0.778125 0.55234375 0.0296875 0.03203125
0 0.87265625 0.553125 0.0640625 0.07265625
0 0.89453125 0.53671875 0.0078125 0.0140625
0 0.90390625 0.63125 0.01796875 0.01953125
0 0.99453125 0.5125 0.00703125 0.0109375
0 0.990625 0.55234375 0.01796875 0.04296875