0 0.43359375 0.37734375 0.0296875 0.04375
0 0.46796875 0.325 0.0125 0.01875
0 0.63671875 0.35390625 0.028125 0.04375
0 0.67734375 0.346875 0.0359375 0.0453125
0 0.72890625 0.365625 0.0203125 0.0296875
0 0.77734375 0.3515625 0.0328125 0.0390625
0 0.7734375 0.39453125 0.0234375 0.0296875
0 0.78671875 0.42734375 0.00625 0.0125
0 0.7703125 0.45625 0.01875 0.025
0 0.73359375 0.47109375 0.0421875 0.0515625
0 0.7171875 0.76015625 0.175 0.35
0 0.83828125 0.39609375 0.021875 0.0421875
0 0.89140625 0.3828125 0.0203125 0.0265625
0 0.94140625 0.40390625 0.08125 0.0890625
0 0.91328125 0.37890625 0.015625 0.0203125
0 0.98359375 0.44140625 0.0265625 0.034375