0 0.209375 0.44765625 0.2140625 0.31875
0 0.1625 0.2640625 0.0171875 0.028125
0 0.19609375 0.265625 0.0171875 0.028125
0 0.2078125 0.27734375 0.015625 0.015625
0 0.21875 0.25859375 0.0296875 0.0421875
0 0.246875 0.25078125 0.0140625 0.01875
0 0.2625 0.2859375 0.028125 0.0328125
0 0.27734375 0.26953125 0.0421875 0.0390625
0 0.3296875 0.2765625 0.046875 0.0671875
0 0.353125 0.26875 0.015625 0.028125
0 0.37421875 0.2609375 0.0296875 0.0390625
0 0.38984375 0.25546875 0.015625 0.025
0 0.415625 0.26015625 0.0234375 0.01875
0 0.496875 0.2453125 0.00625 0.009375
0 0.52265625 0.2578125 0.00625 0.0078125
0 0.54453125 0.2328125 0.0109375 0.0140625
0 0.55234375 0.25 0.0140625 0.0140625
0 0.6296875 0.22890625 0.0125 0.0234375
0 0.65546875 0.2390625 0.0203125 0.0328125
0 0.69453125 0.21171875 0.0078125 0.0109375