0 0.1546875 0.546875 0.0453125 0.05625
0 0.1546875 0.45 0.0390625 0.0546875
0 0.2 0.48125 0.121875 0.1390625
0 0.2015625 0.41875 0.01875 0.021875
0 0.2984375 0.45390625 0.040625 0.0578125
0 0.31875 0.49375 0.0078125 0.009375
0 0.44765625 0.4890625 0.021875 0.028125
0 0.409375 0.3765625 0.0484375 0.0640625
0 0.5390625 0.37265625 0.0265625 0.028125
0 0.57421875 0.359375 0.0296875 0.03125
0 0.54375 0.3421875 0.046875 0.05625
0 0.66328125 0.4921875 0.1265625 0.1625
0 0.85859375 0.23203125 0.065625 0.0765625