0 0.009375 0.69765625 0.0125 0.065625
0 0.0734375 0.67109375 0.009375 0.0125
0 0.07265625 0.60234375 0.03125 0.0375
0 0.18984375 0.6078125 0.0203125 0.021875
0 0.15078125 0.678125 0.071875 0.08125
0 0.2203125 0.74296875 0.0171875 0.021875
0 0.2359375 0.6515625 0.0203125 0.0234375
0 0.278125 0.61484375 0.0296875 0.040625
0 0.315625 0.68984375 0.0421875 0.0609375
0 0.35546875 0.64453125 0.0265625 0.04375
0 0.38671875 0.63984375 0.0390625 0.059375
0 0.4875 0.80234375 0.075 0.103125
0 0.48046875 0.6421875 0.0234375 0.034375