0 0.365625 0.70546875 0.0640625 0.0921875
0 0.20546875 0.44765625 0.0640625 0.0921875
0 0.109375 0.3953125 0.028125 0.0359375
0 0.1390625 0.346875 0.0140625 0.0203125
0 0.30625 0.390625 0.0265625 0.0296875
0 0.28828125 0.33203125 0.0265625 0.0375
0 0.3375 0.375 0.0109375 0.0109375
0 0.36171875 0.35625 0.0046875 0.00625
0 0.36640625 0.33671875 0.0140625 0.0203125
0 0.35703125 0.32109375 0.015625 0.0234375
0 0.33515625 0.3140625 0.0328125 0.040625
0 0.41640625 0.29921875 0.028125 0.0359375
0 0.434375 0.32421875 0.0171875 0.0265625
0 0.478125 0.3125 0.05 0.0625
0 0.49765625 0.29375 0.0125 0.0140625
0 0.5328125 0.33984375 0.0453125 0.05625
0 0.58515625 0.31015625 0.00625 0.0078125
0 0.571875 0.25234375 0.0265625 0.034375
0 0.64609375 0.3078125 0.0703125 0.08125
0 0.6640625 0.23828125 0.0203125 0.0234375
0 0.715625 0.2703125 0.0234375 0.025
0 0.7171875 0.35703125 0.0203125 0.0234375
0 0.753125 0.22421875 0.0390625 0.0484375
0 0.8109375 0.29375 0.0625 0.0703125
0 0.8515625 0.2359375 0.04375 0.0546875
0 0.89453125 0.22421875 0.0703125 0.0828125