0 0.07890625 0.0265625 0.0328125 0.0453125
0 0.10703125 0.03515625 0.0359375 0.0453125
0 0.40078125 0.16953125 0.2359375 0.3390625
0 0.39765625 0.0046875 0.0203125 0.009375
0 0.41953125 0.0046875 0.0296875 0.009375
0 0.459375 0.01875 0.03125 0.0375
0 0.478125 0.01484375 0.04375 0.0296875
0 0.52421875 0.03125 0.0515625 0.0625
0 0.553125 0.01953125 0.0171875 0.0328125
0 0.575 0.01875 0.03125 0.0296875
0 0.5921875 0.0171875 0.01875 0.0203125
0 0.61875 0.02265625 0.028125 0.025
0 0.6796875 0.02890625 0.0078125 0.0109375
0 0.7359375 0.03359375 0.00625 0.0109375