0 0.11015625 0.2015625 0.015625 0.015625
0 0.1203125 0.234375 0.0734375 0.0796875
0 0.15 0.31171875 0.01875 0.01875
0 0.2296875 0.2015625 0.0078125 0.0125
0 0.253125 0.18828125 0.0078125 0.009375
0 0.23828125 0.2359375 0.0390625 0.04375
0 0.31796875 0.253125 0.01875 0.015625
0 0.321875 0.196875 0.0171875 0.0265625
0 0.3640625 0.23359375 0.0828125 0.096875
0 0.446875 0.21328125 0.0171875 0.0234375
0 0.5109375 0.259375 0.0390625 0.059375
0 0.546875 0.19609375 0.0203125 0.025
0 0.61875 0.21640625 0.0296875 0.046875
0 0.6984375 0.20390625 0.0484375 0.0609375
0 0.6640625 0.3890625 0.0984375 0.115625
0 0.69765625 0.36875 0.0640625 0.1078125