0 0.01171875 0.68203125 0.0234375 0.0640625
0 0.08125 0.65625 0.009375 0.01171875
0 0.08203125 0.58828125 0.0296875 0.0359375
0 0.196875 0.596875 0.0203125 0.02109375
0 0.15703125 0.66484375 0.06875 0.07890625
0 0.22421875 0.73046875 0.01640625 0.02109375
0 0.24140625 0.640625 0.01953125 0.021875
0 0.28359375 0.6046875 0.0296875 0.0390625
0 0.31953125 0.67890625 0.040625 0.06015625
0 0.359375 0.63515625 0.0265625 0.0421875
0 0.38984375 0.63046875 0.0375 0.0578125
0 0.4859375 0.79375 0.07109375 0.1
0 0.4828125 0.63515625 0.02265625 0.034375