0 0.103125 0.6828125 0.184375 0.2234375
0 0.18671875 0.66171875 0.078125 0.1046875
0 0.05078125 0.62265625 0.0859375 0.0984375
0 0.0375 0.575 0.0203125 0.0234375
0 0.1390625 0.5 0.0359375 0.040625
0 0.17734375 0.525 0.009375 0.0078125
0 0.30859375 0.4625 0.0296875 0.034375
0 0.4640625 0.4765625 0.0359375 0.0453125
0 0.4625 0.3890625 0.034375 0.0484375
0 0.50078125 0.41796875 0.1015625 0.11875
0 0.5 0.36015625 0.015625 0.0203125
0 0.58984375 0.396875 0.0375 0.0546875
0 0.60859375 0.43515625 0.00625 0.009375
0 0.70234375 0.31484375 0.0546875 0.0703125
0 0.74453125 0.434375 0.0265625 0.0265625
0 0.86015625 0.303125 0.0359375 0.0328125
0 0.86953125 0.26796875 0.0625 0.0703125
0 0.909375 0.28828125 0.040625 0.0375
0 0.971875 0.45703125 0.05625 0.1828125