0 0.1171875 0.28203125 0.0125 0.0140625
0 0.13984375 0.334375 0.09375 0.1015625
0 0.17734375 0.21484375 0.03125 0.0328125
0 0.29921875 0.25625 0.046875 0.0546875
0 0.2640625 0.3421875 0.034375 0.05625
0 0.309375 0.34296875 0.096875 0.1140625
0 0.43515625 0.3265625 0.040625 0.0578125
0 0.471875 0.3328125 0.0609375 0.075
0 0.49609375 0.40078125 0.0625 0.0796875
0 0.540625 0.353125 0.03125 0.0390625
0 0.6296875 0.3890625 0.03125 0.034375
0 0.578125 0.4953125 0.0234375 0.028125
0 0.7921875 0.42734375 0.028125 0.0328125