0 0.9484375 0.82734375 0.0953125 0.1390625
0 0.77421875 0.79609375 0.046875 0.0578125
0 0.51171875 0.7890625 0.0328125 0.04375
0 0.478125 0.809375 0.0203125 0.0203125
0 0.44921875 0.80625 0.0171875 0.0234375
0 0.39296875 0.7765625 0.03125 0.046875
0 0.2296875 0.746875 0.0125 0.0140625
0 0.225 0.7921875 0.021875 0.0265625
0 0.20859375 0.88671875 0.128125 0.21875
0 0.18125 0.7671875 0.021875 0.03125
0 0.153125 0.75546875 0.0296875 0.0390625
0 0.125 0.7765625 0.0546875 0.065625
0 0.1015625 0.834375 0.203125 0.31875