0 0.1171875 0.47578125 0.059375 0.0671875
0 0.17734375 0.5078125 0.0734375 0.10078125
0 0.2328125 0.4796875 0.08984375 0.11796875
0 0.32578125 0.43203125 0.01640625 0.025
0 0.334375 0.446875 0.009375 0.01484375
0 0.42109375 0.4796875 0.0609375 0.078125
0 0.54609375 0.57421875 0.046875 0.0875
0 0.72265625 0.50625 0.3046875 0.35078125
0 0.57109375 0.4109375 0.01875 0.0328125
0 0.49140625 0.4078125 0.009375 0.01015625
0 0.4609375 0.42265625 0.0078125 0.00859375
0 0.865625 0.425 0.0453125 0.0515625
0 0.98984375 0.3890625 0.0203125 0.0390625