0 0.11328125 0.8125 0.2234375 0.375
0 0.01015625 0.359375 0.0203125 0.05625
0 0.05859375 0.34609375 0.0484375 0.0546875
0 0.1265625 0.365625 0.025 0.0328125
0 0.1390625 0.48359375 0.05 0.05625
0 0.18046875 0.46015625 0.0203125 0.0265625
0 0.1953125 0.4265625 0.009375 0.0109375
0 0.18046875 0.39375 0.0234375 0.0328125
0 0.1828125 0.34765625 0.0359375 0.04375
0 0.24453125 0.38671875 0.0203125 0.0359375
0 0.28984375 0.371875 0.015625 0.021875
0 0.32734375 0.384375 0.059375 0.0765625
0 0.359375 0.41171875 0.0171875 0.0265625
0 0.378125 0.33671875 0.025 0.0359375
0 0.44765625 0.40390625 0.0078125 0.0125
0 0.47578125 0.44375 0.0515625 0.0703125
0 0.47734375 0.3421875 0.01875 0.0203125
0 0.578125 0.34765625 0.0296875 0.0421875
0 0.56875 0.42734375 0.025 0.0484375
0 0.60390625 0.42265625 0.065625 0.0890625
0 0.715625 0.3796875 0.03125 0.05
0 0.75625 0.375 0.0484375 0.0703125
0 0.7609375 0.39375 0.0234375 0.0390625
0 0.80546875 0.440625 0.05625 0.0796875
0 0.8421875 0.37734375 0.03125 0.04375
0 0.97578125 0.3953125 0.0359375 0.0375
0 0.9421875 0.5296875 0.025 0.0296875