0 0.184375 0.440625 0.0375 0.0515625
0 0.2125 0.3484375 0.03125 0.0515625
0 0.24609375 0.39140625 0.1046875 0.1265625
0 0.26640625 0.33359375 0.015625 0.0203125
0 0.34765625 0.39453125 0.0328125 0.0546875
0 0.35546875 0.4375 0.00625 0.009375
0 0.47890625 0.4703125 0.01875 0.0265625
0 0.475 0.35234375 0.040625 0.059375
0 0.5984375 0.3859375 0.0234375 0.025
0 0.63671875 0.384375 0.025 0.028125
0 0.6125 0.359375 0.040625 0.0515625
0 0.68203125 0.53515625 0.10625 0.15
0 0.9421875 0.3453125 0.05625 0.0703125