0 0.04453125 0.20234375 0.0203125 0.0890625
0 0.06015625 0.21484375 0.040625 0.0515625
0 0.16171875 0.24453125 0.0484375 0.0578125
0 0.3484375 0.33984375 0.025 0.028125
0 0.4109375 0.2171875 0.040625 0.0515625
0 0.4578125 0.23828125 0.0484375 0.065625
0 0.48984375 0.2296875 0.059375 0.0796875
0 0.54375 0.203125 0.0171875 0.0234375
0 0.54921875 0.215625 0.0109375 0.0125
0 0.60546875 0.24453125 0.046875 0.0546875
0 0.65859375 0.209375 0.009375 0.00625
0 0.68984375 0.19609375 0.0125 0.009375
0 0.703125 0.26953125 0.15625 0.1828125
0 0.69140625 0.3921875 0.0140625 0.0171875
0 0.80625 0.23671875 0.0234375 0.025
0 0.82734375 0.24609375 0.00625 0.00625
0 0.896875 0.2453125 0.0328125 0.0421875