0 0.1015625 0.43125 0.040625 0.05
0 0.31875 0.52421875 0.1625 0.2171875
0 0.39921875 0.45625 0.0109375 0.015625
0 0.4 0.475 0.04375 0.0359375
0 0.41796875 0.5453125 0.115625 0.153125
0 0.4765625 0.56640625 0.046875 0.0765625
0 0.48125 0.42265625 0.0203125 0.0296875
0 0.50234375 0.4515625 0.0078125 0.009375
0 0.62421875 0.44140625 0.0234375 0.03125
0 0.7734375 0.50859375 0.0359375 0.046875
0 0.8046875 0.4234375 0.034375 0.0515625
0 0.840625 0.46953125 0.1171875 0.1265625
0 0.86015625 0.40546875 0.021875 0.0203125
0 0.96640625 0.47734375 0.0484375 0.0625
0 0.975 0.5328125 0.0078125 0.0125