0 0.11640625 0.46171875 0.034375 0.0453125
0 0.33515625 0.52890625 0.13671875 0.19609375
0 0.4046875 0.45546875 0.009375 0.01328125
0 0.40625 0.47421875 0.03828125 0.03046875
0 0.43125 0.5390625 0.096875 0.13828125
0 0.48984375 0.55390625 0.03828125 0.07109375
0 0.4796875 0.415625 0.0171875 0.02734375
0 0.503125 0.440625 0.00546875 0.00859375
0 0.61875 0.41875 0.01953125 0.02890625
0 0.76875 0.46796875 0.03046875 0.04296875
0 0.78984375 0.38359375 0.02890625 0.04765625
0 0.8296875 0.42421875 0.1015625 0.11171875
0 0.84140625 0.36015625 0.01875 0.0171875
0 0.95078125 0.41875 0.04140625 0.05703125
0 0.9640625 0.47109375 0.00625 0.0109375