0 0.8890625 0.90546875 0.10625 0.153125
0 0.7265625 0.84375 0.0578125 0.065625
0 0.46328125 0.78984375 0.040625 0.0484375
0 0.4265625 0.8046875 0.0234375 0.0234375
0 0.39765625 0.79609375 0.021875 0.0265625
0 0.34609375 0.75546875 0.0390625 0.053125
0 0.1875 0.69765625 0.0140625 0.015625
0 0.175 0.7421875 0.0265625 0.0296875
0 0.14140625 0.8296875 0.1671875 0.2359375
0 0.13515625 0.709375 0.0265625 0.034375
0 0.109375 0.69296875 0.0375 0.0453125
0 0.0765625 0.70859375 0.065625 0.075
0 0.08671875 0.7609375 0.1734375 0.346875