0 0.07421875 0.3921875 0.053125 0.0609375
0 0.28359375 0.40625 0.028125 0.0296875
0 0.29375 0.26875 0.04375 0.0546875
0 0.34453125 0.2703125 0.053125 0.06875
0 0.3703125 0.25 0.0640625 0.0828125
0 0.409375 0.2046875 0.01875 0.0234375
0 0.41875 0.2140625 0.0109375 0.0125
0 0.4828125 0.21875 0.05 0.0578125
0 0.5171875 0.165625 0.0109375 0.0078125
0 0.54140625 0.140625 0.0125 0.0109375
0 0.5828125 0.203125 0.1671875 0.190625
0 0.61953125 0.3203125 0.015625 0.01875
0 0.66484375 0.1328125 0.025 0.0265625
0 0.68671875 0.1328125 0.00625 0.0078125
0 0.75234375 0.10625 0.034375 0.04375