0 0.06953125 0.403125 0.03515625 0.0453125
0 0.1828125 0.35078125 0.03125 0.03671875
0 0.2625 0.3453125 0.03359375 0.06484375
0 0.28125 0.340625 0.0296875 0.05859375
0 0.2609375 0.31875 0.009375 0.0140625
0 0.28671875 0.3296875 0.00546875 0.0109375
0 0.3 0.40703125 0.0125 0.01875
0 0.35625 0.30703125 0.0046875 0.00703125
0 0.37421875 0.29296875 0.00625 0.00625
0 0.365625 0.33515625 0.03046875 0.0390625
0 0.43359375 0.29296875 0.0140625 0.02421875
0 0.43359375 0.34453125 0.01328125 0.015625
0 0.4734375 0.3234375 0.065625 0.084375
0 0.4953125 0.378125 0.00390625 0.0078125
0 0.50625 0.30234375 0.0046875 0.00703125
0 0.546875 0.29609375 0.01484375 0.02265625
0 0.6125 0.33359375 0.03359375 0.0546875
0 0.640625 0.2671875 0.01796875 0.021875
0 0.7171875 0.27890625 0.028125 0.040625
0 0.80078125 0.25546875 0.04453125 0.05546875
0 0.78984375 0.44609375 0.09375 0.11640625
0 0.82265625 0.42265625 0.05546875 0.10390625