0 0.1828125 0.471875 0.0328125 0.0484375
0 0.20390625 0.38125 0.02734375 0.04765625
0 0.2390625 0.4203125 0.09375 0.1171875
0 0.2546875 0.3625 0.0140625 0.01796875
0 0.33828125 0.41640625 0.028125 0.05078125
0 0.3484375 0.45703125 0.0046875 0.00859375
0 0.4703125 0.48046875 0.015625 0.025
0 0.45859375 0.3671875 0.0359375 0.05546875
0 0.58125 0.39140625 0.02109375 0.02265625
0 0.6171875 0.38671875 0.02265625 0.02578125
0 0.59296875 0.3640625 0.03515625 0.04765625
0 0.67265625 0.53046875 0.09375 0.13828125
0 0.9125 0.328125 0.05078125 0.06484375