0 0.0078125 0.275 0.01328125 0.08828125
0 0.028125 0.28359375 0.0328125 0.04453125
0 0.13046875 0.296875 0.040625 0.05078125
0 0.32578125 0.36015625 0.02109375 0.025
0 0.3671875 0.23203125 0.03203125 0.046875
0 0.41640625 0.2453125 0.03828125 0.06015625
0 0.4453125 0.23203125 0.046875 0.07109375
0 0.49375 0.1984375 0.01328125 0.0203125
0 0.5 0.209375 0.00859375 0.01015625
0 0.559375 0.22890625 0.03828125 0.0484375
0 0.60546875 0.18671875 0.00859375 0.00546875
0 0.63359375 0.16953125 0.01015625 0.00703125
0 0.65859375 0.2375 0.12890625 0.1609375
0 0.665625 0.3578125 0.01171875 0.01484375
0 0.75234375 0.190625 0.01875 0.021875
0 0.77421875 0.19609375 0.0046875 0.00546875
0 0.8421875 0.1859375 0.0265625 0.0375