0 0.07265625 0.3265625 0.0078125 0.009375
0 0.10390625 0.315625 0.0125 0.0109375
0 0.1828125 0.3328125 0.025 0.03125
0 0.2703125 0.3609375 0.0078125 0.009375
0 0.24375 0.43984375 0.00625 0.0046875
0 0.17265625 0.39140625 0.021875 0.021875
0 0.2265625 0.37578125 0.0984375 0.1046875
0 0.3171875 0.35859375 0.0203125 0.028125
0 0.38203125 0.4125 0.0453125 0.0671875
0 0.421875 0.3515625 0.021875 0.0265625
0 0.490625 0.37734375 0.0328125 0.04375
0 0.56484375 0.36953125 0.046875 0.059375
0 0.5265625 0.54375 0.096875 0.1171875
0 0.5578125 0.52421875 0.0640625 0.1
0 0.9203125 0.378125 0.0296875 0.0328125