0 0.15546875 0.359375 0.0140625 0.01875
0 0.0078125 0.1984375 0.015625 0.03125
0 0.03203125 0.28515625 0.034375 0.0484375
0 0.05703125 0.2640625 0.05 0.0828125
0 0.11796875 0.2453125 0.0828125 0.1015625
0 0.171875 0.28203125 0.08125 0.084375
0 0.12109375 0.16328125 0.0203125 0.0265625
0 0.22421875 0.20625 0.046875 0.0578125
0 0.40703125 0.29609375 0.0203125 0.0328125
0 0.45 0.18359375 0.009375 0.0125
0 0.52421875 0.2640625 0.0390625 0.0515625
0 0.55625 0.14921875 0.01875 0.03125
0 0.7515625 0.15859375 0.0359375 0.06875
0 0.8625 0.10390625 0.0171875 0.01875