0 0.01328125 0.31640625 0.0109375 0.04375
0 0.10234375 0.40859375 0.009375 0.0125
0 0.13515625 0.45390625 0.075 0.0859375
0 0.146875 0.3328125 0.025 0.028125
0 0.26953125 0.34765625 0.0375 0.0484375
0 0.253125 0.4359375 0.0234375 0.0515625
0 0.2953125 0.42734375 0.0765625 0.0984375
0 0.41015625 0.38671875 0.0296875 0.05
0 0.446875 0.3859375 0.046875 0.065625
0 0.48359375 0.4453125 0.046875 0.06875
0 0.515625 0.390625 0.0234375 0.0328125
0 0.60703125 0.40703125 0.025 0.028125
0 0.5796875 0.5171875 0.01875 0.025
0 0.7671875 0.4109375 0.021875 0.0296875