0 0.003125 0.559375 0.00625 0.046875
0 0.25 0.8421875 0.05390625 0.08125
0 0.10390625 0.5453125 0.0578125 0.0984375
0 0.15234375 0.52421875 0.0578125 0.11484375
0 0.1921875 0.5828125 0.05859375 0.07265625
0 0.19140625 0.534375 0.02890625 0.03671875
0 0.58046875 0.4796875 0.04453125 0.05625
0 0.62890625 0.5078125 0.05703125 0.0875
0 0.67421875 0.4828125 0.08671875 0.11484375
0 0.765625 0.4296875 0.01796875 0.028125
0 0.77734375 0.44453125 0.0109375 0.0109375
0 0.88671875 0.47421875 0.08203125 0.08671875
0 0.94140625 0.40546875 0.009375 0.01484375
0 0.98984375 0.38046875 0.0140625 0.0125