0 0.059375 0.41796875 0.00625 0.0078125
0 0.08671875 0.40234375 0.0109375 0.009375
0 0.16484375 0.40390625 0.01875 0.02734375
0 0.2515625 0.4140625 0.00625 0.00859375
0 0.24140625 0.49375 0.00546875 0.003125
0 0.165625 0.46171875 0.01875 0.0171875
0 0.21328125 0.4375 0.07890625 0.0875
0 0.296875 0.4046875 0.015625 0.02421875
0 0.3671875 0.44296875 0.0328125 0.06015625
0 0.39453125 0.378125 0.0171875 0.02265625
0 0.46328125 0.38984375 0.025 0.0375
0 0.5328125 0.36875 0.0359375 0.05078125
0 0.52890625 0.540625 0.07578125 0.1
0 0.55390625 0.51640625 0.0453125 0.08984375
0 0.8703125 0.31171875 0.0234375 0.028125
0 0.9859375 0.3703125 0.028125 0.0890625