0 0.1109375 0.80546875 0.221875 0.3734375
0 0.015625 0.35546875 0.03125 0.0546875
0 0.06953125 0.3421875 0.046875 0.053125
0 0.1359375 0.36328125 0.025 0.03203125
0 0.1453125 0.47890625 0.0484375 0.0546875
0 0.1875 0.45625 0.0203125 0.0265625
0 0.20234375 0.42421875 0.0078125 0.0109375
0 0.1875 0.39140625 0.02265625 0.03203125
0 0.190625 0.346875 0.034375 0.0421875
0 0.2515625 0.3859375 0.01953125 0.034375
0 0.29609375 0.371875 0.015625 0.02109375
0 0.3328125 0.38515625 0.05703125 0.07421875
0 0.36328125 0.4125 0.01640625 0.0265625
0 0.38359375 0.33828125 0.02421875 0.034375
0 0.45078125 0.40625 0.00703125 0.01171875
0 0.47734375 0.4453125 0.05 0.0671875
0 0.48125 0.34609375 0.01875 0.01875
0 0.5796875 0.353125 0.02890625 0.04140625
0 0.5703125 0.43125 0.0234375 0.04765625
0 0.6046875 0.42734375 0.06328125 0.08671875
0 0.715625 0.3875 0.0296875 0.0484375
0 0.75546875 0.38359375 0.046875 0.06875
0 0.759375 0.4015625 0.0234375 0.0375
0 0.80234375 0.4484375 0.05390625 0.0765625
0 0.83984375 0.38671875 0.03046875 0.0421875
0 0.97109375 0.40703125 0.03515625 0.0359375
0 0.93515625 0.53828125 0.02421875 0.02890625