0 0.11484375 0.465625 0.0375 0.046875
0 0.34375 0.5359375 0.14375 0.20625
0 0.4171875 0.459375 0.009375 0.0140625
0 0.41953125 0.47890625 0.040625 0.03125
0 0.4453125 0.546875 0.103125 0.1453125
0 0.50625 0.5625 0.040625 0.075
0 0.49609375 0.4171875 0.01875 0.028125
0 0.5203125 0.44375 0.00625 0.009375
0 0.64140625 0.4203125 0.021875 0.0296875
0 0.79921875 0.471875 0.03125 0.0453125
0 0.821875 0.38359375 0.03125 0.05
0 0.86328125 0.4265625 0.10625 0.1171875
0 0.87578125 0.359375 0.01875 0.01875
0 0.98359375 0.41953125 0.0328125 0.0609375