0 0.0171875 0.16796875 0.028125 0.0328125
0 0.0109375 0.2859375 0.021875 0.08125
0 0.11640625 0.13828125 0.0203125 0.028125
0 0.1 0.22578125 0.0328125 0.0421875
0 0.115625 0.2109375 0.0453125 0.0765625
0 0.1671875 0.190625 0.071875 0.096875
0 0.2265625 0.21484375 0.06875 0.075
0 0.26875 0.2421875 0.0125 0.0140625
0 0.24296875 0.16875 0.0453125 0.0546875
0 0.43671875 0.20859375 0.01875 0.0296875
0 0.44609375 0.146875 0.009375 0.0109375
0 0.525 0.18984375 0.034375 0.04375
0 0.540625 0.1171875 0.021875 0.03125
0 0.70859375 0.11875 0.0359375 0.0609375
0 0.8171875 0.07578125 0.015625 0.0203125
0 0.946875 0.26640625 0.084375 0.184375