0 0.00859375 0.7109375 0.01640625 0.05078125
0 0.1046875 0.7515625 0.0265625 0.0390625
0 0.13359375 0.7171875 0.03203125 0.0453125
0 0.159375 0.74609375 0.07265625 0.08046875
0 0.17578125 0.8171875 0.0765625 0.1
0 0.2140625 0.734375 0.015625 0.015625
0 0.2375 0.73515625 0.01796875 0.0203125
0 0.3296875 0.77734375 0.0078125 0.0125
0 0.384375 0.79609375 0.090625 0.11875
0 0.35546875 0.70625 0.02421875 0.0375
0 0.44140625 0.9921875 0.02734375 0.01484375
0 0.45703125 0.71484375 0.01875 0.02578125
0 0.5 0.76328125 0.021875 0.03046875
0 0.5453125 0.721875 0.03359375 0.05078125
0 0.62109375 0.8296875 0.071875 0.10625
0 0.64765625 0.75546875 0.03359375 0.059375
0 0.69453125 0.75234375 0.06015625 0.084375
0 0.82578125 0.75859375 0.0375 0.05
0 0.98359375 0.78203125 0.0328125 0.0453125