0 0.02890625 0.71875 0.0578125 0.5125
0 0.69453125 0.5359375 0.184375 0.2765625
0 0.49765625 0.4515625 0.0390625 0.0578125
0 0.51875 0.446875 0.0125 0.01875
0 0.33203125 0.4328125 0.00625 0.009375
0 0.36484375 0.42734375 0.00625 0.00625
0 0.35234375 0.4421875 0.0109375 0.0171875
0 0.3609375 0.446875 0.00625 0.0078125
0 0.37421875 0.4359375 0.0140625 0.025
0 0.3859375 0.44765625 0.0234375 0.0375
0 0.253125 0.4671875 0.028125 0.0453125
0 0.2140625 0.44375 0.0640625 0.075
0 0.178125 0.4875 0.00625 0.0109375
0 0.02578125 0.4625 0.0125 0.00625
0 0.1109375 0.425 0.0265625 0.0328125
0 0.1296875 0.43671875 0.028125 0.0375
0 0.15703125 0.4328125 0.0375 0.05