0 0.03359375 0.11640625 0.06640625 0.09609375
0 0.065625 0.2328125 0.04609375 0.059375
0 0.096875 0.21328125 0.0578125 0.0921875
0 0.16484375 0.278125 0.109375 0.1140625
0 0.17109375 0.20546875 0.11484375 0.12421875
0 0.171875 0.13359375 0.025 0.0359375
0 0.2953125 0.128125 0.0171875 0.028125
0 0.32734375 0.19609375 0.05 0.0671875
0 0.3609375 0.4953125 0.0484375 0.07578125
0 0.59609375 0.23671875 0.0109375 0.0171875
0 0.64375 0.50390625 0.08984375 0.13203125
0 0.74921875 0.228125 0.02734375 0.04140625