0 0.06875 0.37578125 0.0375 0.046875
0 0.1859375 0.33046875 0.034375 0.0390625
0 0.26640625 0.33125 0.0390625 0.0671875
0 0.28671875 0.328125 0.034375 0.0609375
0 0.26796875 0.3046875 0.0109375 0.0140625
0 0.29296875 0.3171875 0.00625 0.0109375
0 0.30078125 0.39609375 0.0140625 0.0203125
0 0.36484375 0.2984375 0.00625 0.0078125
0 0.38359375 0.2859375 0.00625 0.0078125
0 0.371875 0.328125 0.034375 0.040625
0 0.44296875 0.290625 0.015625 0.025
0 0.43984375 0.3421875 0.0140625 0.0171875
0 0.48203125 0.3234375 0.071875 0.0890625
0 0.5 0.38125 0.0046875 0.0078125
0 0.515625 0.30546875 0.0046875 0.0078125
0 0.5578125 0.30234375 0.015625 0.0234375
0 0.62109375 0.34375 0.0375 0.0578125
0 0.653125 0.27890625 0.01875 0.0234375
0 0.73046875 0.29609375 0.03125 0.04375
0 0.8171875 0.27890625 0.0484375 0.059375
0 0.7921875 0.4703125 0.103125 0.125
0 0.8265625 0.44921875 0.0640625 0.1078125