0 0.08828125 0.33515625 0.0078125 0.009375
0 0.12109375 0.32578125 0.0125 0.0125
0 0.2015625 0.3484375 0.0265625 0.0328125
0 0.28828125 0.38125 0.009375 0.0109375
0 0.25703125 0.46015625 0.00625 0.0046875
0 0.1875 0.4078125 0.0234375 0.021875
0 0.24296875 0.39453125 0.103125 0.1109375
0 0.33671875 0.38203125 0.021875 0.0296875
0 0.4 0.43984375 0.0484375 0.0703125
0 0.44453125 0.38046875 0.0234375 0.028125
0 0.51171875 0.41015625 0.0359375 0.0453125
0 0.5890625 0.40625 0.05 0.0609375
0 0.540625 0.58203125 0.103125 0.121875
0 0.5734375 0.56328125 0.0703125 0.1046875
0 0.9515625 0.43359375 0.03125 0.034375