0 0.01171875 0.17890625 0.0234375 0.03515625
0 0.00703125 0.14765625 0.0140625 0.03125
0 0.06640625 0.1609375 0.02421875 0.02890625
0 0.03046875 0.27265625 0.05703125 0.07578125
0 0.1625 0.14140625 0.01796875 0.02578125
0 0.140625 0.221875 0.028125 0.03828125
0 0.15625 0.21015625 0.0359375 0.06953125
0 0.20625 0.19375 0.06171875 0.08671875
0 0.2609375 0.221875 0.06015625 0.065625
0 0.29765625 0.2515625 0.01015625 0.0125
0 0.2796875 0.1796875 0.0390625 0.04765625
0 0.459375 0.23359375 0.01484375 0.02734375
0 0.47421875 0.1765625 0.00703125 0.01015625
0 0.54453125 0.22265625 0.02890625 0.0390625
0 0.565625 0.15625 0.01796875 0.028125
0 0.72421875 0.17109375 0.02890625 0.0546875
0 0.83046875 0.13984375 0.0125 0.0171875
0 0.95234375 0.33125 0.0953125 0.16953125