0 0.13125 0.228125 0.11484375 0.14140625
0 0.21875 0.253125 0.02734375 0.040625
0 0.2453125 0.18359375 0.0234375 0.0296875
0 0.3421875 0.24375 0.03984375 0.06171875
0 0.284375 0.1578125 0.02890625 0.04609375
0 0.33125 0.165625 0.01328125 0.0296875
0 0.29609375 0.1359375 0.01015625 0.01015625
0 0.31640625 0.1484375 0.034375 0.06015625
0 0.36953125 0.15234375 0.01796875 0.02578125
0 0.4421875 0.13671875 0.0140625 0.0234375
0 0.42421875 0.2078125 0.025 0.03984375
0 0.43515625 0.19453125 0.03125 0.0546875
0 0.47421875 0.18671875 0.0546875 0.07734375
0 0.5203125 0.21328125 0.05234375 0.05859375
0 0.553125 0.246875 0.00859375 0.0125
0 0.5375 0.17578125 0.034375 0.04765625
0 0.715625 0.2421875 0.01484375 0.02421875
0 0.73515625 0.17890625 0.009375 0.01171875
0 0.8453125 0.1625 0.0234375 0.0328125
0 0.815625 0.2375 0.0359375 0.04296875