0 0.3421875 0.678125 0.04921875 0.0828125
0 0.23046875 0.4015625 0.0484375 0.0828125
0 0.14765625 0.3359375 0.0234375 0.03125
0 0.184375 0.29375 0.01171875 0.01796875
0 0.33828125 0.3640625 0.021875 0.025
0 0.33046875 0.3046875 0.0203125 0.03359375
0 0.3703125 0.3546875 0.01015625 0.00859375
0 0.39765625 0.34140625 0.00390625 0.00625
0 0.40546875 0.3234375 0.0109375 0.01796875
0 0.3984375 0.30625 0.01171875 0.0203125
0 0.37890625 0.29609375 0.0265625 0.03515625
0 0.459375 0.2953125 0.02265625 0.03125
0 0.47265625 0.321875 0.0125 0.02421875
0 0.51640625 0.31875 0.03984375 0.05546875
0 0.5390625 0.30390625 0.009375 0.0125
0 0.56484375 0.35390625 0.0359375 0.04921875
0 0.6203125 0.334375 0.00546875 0.00703125
0 0.61796875 0.2765625 0.021875 0.03046875
0 0.68046875 0.3421875 0.0578125 0.0703125
0 0.709375 0.27890625 0.0171875 0.0203125
0 0.753125 0.31796875 0.01875 0.02109375
0 0.740625 0.4015625 0.01640625 0.01953125
0 0.79765625 0.28046875 0.03203125 0.0421875
0 0.84140625 0.35703125 0.05078125 0.0609375
0 0.88984375 0.3078125 0.03515625 0.0484375
0 0.93359375 0.30390625 0.05703125 0.071875