0 0.0515625 0.7953125 0.0234375 0.053125
0 0.153125 0.81953125 0.0328125 0.04375
0 0.1765625 0.78046875 0.0390625 0.05
0 0.20625 0.8046875 0.0859375 0.0921875
0 0.23515625 0.871875 0.09375 0.1125
0 0.2578125 0.78359375 0.01875 0.01875
0 0.28203125 0.78046875 0.021875 0.0234375
0 0.38125 0.80546875 0.009375 0.0140625
0 0.43828125 0.81484375 0.1109375 0.1328125
0 0.39375 0.73125 0.0296875 0.040625
0 0.528125 0.99453125 0.028125 0.0109375
0 0.49609375 0.72109375 0.0234375 0.028125
0 0.546875 0.76171875 0.028125 0.034375
0 0.58515625 0.7125 0.0421875 0.05625
0 0.67890625 0.80703125 0.090625 0.11875
0 0.6921875 0.728125 0.04375 0.0640625
0 0.7375 0.7171875 0.075 0.09375
0 0.86875 0.70078125 0.0453125 0.05625