0 0.12734375 0.3875 0.075 0.08125
0 0.17890625 0.43359375 0.096875 0.1171875
0 0.240625 0.4203125 0.1171875 0.1375
0 0.34375 0.39609375 0.021875 0.0296875
0 0.3484375 0.4125 0.0125 0.0171875
0 0.4265625 0.46640625 0.0796875 0.0921875
0 0.52578125 0.58984375 0.0671875 0.096875
0 0.7171875 0.5671875 0.3859375 0.421875
0 0.590625 0.434375 0.0265625 0.0359375
0 0.5125 0.41328125 0.0109375 0.0125
0 0.47890625 0.41953125 0.009375 0.0109375
0 0.87734375 0.52109375 0.0578125 0.0625
0 0.996875 0.51484375 0.00625 0.0421875