0 0.071875 0.91015625 0.0265625 0.03125
0 0.196875 0.721875 0.065625 0.0765625
0 0.4046875 0.74375 0.04375 0.05
0 0.51640625 0.68359375 0.05 0.075
0 0.565625 0.66484375 0.0671875 0.096875
0 0.58359375 0.6828125 0.0328125 0.0515625
0 0.68203125 0.6453125 0.0296875 0.0375
0 0.6296875 0.8109375 0.071875 0.1109375
0 0.66796875 0.775 0.09375 0.1609375
0 0.77890625 0.74765625 0.2140625 0.253125
0 0.8765625 0.865625 0.246875 0.2
0 0.79921875 0.603125 0.0265625 0.0328125
0 0.96015625 0.66171875 0.0796875 0.1328125