0 0.0671875 0.409375 0.0375 0.046875
0 0.18203125 0.35234375 0.03125 0.0375
0 0.26328125 0.34609375 0.0359375 0.0671875
0 0.28125 0.34140625 0.03125 0.0609375
0 0.2609375 0.31875 0.009375 0.015625
0 0.28671875 0.3296875 0.00625 0.0109375
0 0.30234375 0.4078125 0.0125 0.01875
0 0.35859375 0.3046875 0.00625 0.0078125
0 0.37578125 0.28984375 0.00625 0.0078125
0 0.3671875 0.33359375 0.03125 0.040625
0 0.43671875 0.2890625 0.015625 0.025
0 0.4375 0.34140625 0.0140625 0.0171875
0 0.478125 0.31875 0.06875 0.0875
0 0.50078125 0.375 0.0046875 0.009375
0 0.51015625 0.29765625 0.0046875 0.0078125
0 0.55234375 0.290625 0.015625 0.0234375
0 0.61953125 0.32734375 0.034375 0.05625
0 0.646875 0.259375 0.01875 0.021875
0 0.72578125 0.2703125 0.0296875 0.0421875
0 0.8109375 0.24453125 0.046875 0.0578125
0 0.803125 0.4390625 0.0984375 0.1203125
0 0.83515625 0.41484375 0.059375 0.1078125