0 0.046875 0.1046875 0.02578125 0.0390625
0 0.07421875 0.10859375 0.02890625 0.0390625
0 0.0859375 0.0421875 0.04453125 0.05234375
0 0.36796875 0.19453125 0.1828125 0.303125
0 0.3125 0.03046875 0.015625 0.0265625
0 0.3421875 0.0296875 0.0171875 0.0328125
0 0.36328125 0.021875 0.025 0.040625
0 0.38984375 0.015625 0.01171875 0.01953125
0 0.40390625 0.04609375 0.02578125 0.03359375
0 0.41953125 0.0328125 0.0375 0.040625
0 0.46796875 0.0421875 0.0421875 0.07265625
0 0.49140625 0.0328125 0.0125 0.03515625
0 0.51171875 0.02578125 0.02578125 0.0390625
0 0.528125 0.02109375 0.0140625 0.03359375
0 0.55390625 0.0296875 0.0234375 0.02265625
0 0.61171875 0.02734375 0.00546875 0.009375
0 0.640625 0.009375 0.00546875 0.00859375
0 0.66484375 0.0234375 0.00625 0.0125
0 0.6921875 0.0046875 0.0125 0.009375
0 0.69921875 0.01484375 0.01328125 0.01484375
0 0.78828125 0.00390625 0.0171875 0.0078125
0 0.81953125 0.0109375 0.02734375 0.021875