0 0.05546875 0.7984375 0.0421875 0.096875
0 0.28671875 0.8046875 0.0390625 0.0515625
0 0.3078125 0.75859375 0.0375 0.0390625
0 0.3484375 0.7375 0.015625 0.021875
0 0.38828125 0.74296875 0.00625 0.009375
0 0.41328125 0.76015625 0.0578125 0.071875
0 0.4359375 0.7265625 0.00625 0.0078125
0 0.44453125 0.7140625 0.0078125 0.009375
0 0.50390625 0.75234375 0.0375 0.0453125
0 0.52578125 0.71640625 0.015625 0.0234375
0 0.54921875 0.81796875 0.0140625 0.01875
0 0.5984375 0.72578125 0.0125 0.015625
0 0.6078125 0.72890625 0.00625 0.0078125
0 0.62421875 0.76484375 0.01875 0.025
0 0.640625 0.7265625 0.0046875 0.0078125
0 0.6734375 0.7453125 0.08125 0.1015625
0 0.69921875 0.721875 0.0171875 0.0234375
0 0.73203125 0.79609375 0.0078125 0.0109375
0 0.75078125 0.6984375 0.0203125 0.025
0 0.84765625 0.7515625 0.04375 0.0546875
0 0.915625 0.7078125 0.0375 0.04375
0 0.971875 0.69453125 0.05625 0.0671875