0 0.0109375 0.30234375 0.021875 0.0359375
0 0.10234375 0.2671875 0.01328125 0.0140625
0 0.115625 0.29765625 0.0625 0.06953125
0 0.153125 0.36640625 0.015625 0.015625
0 0.21640625 0.253125 0.00625 0.0109375
0 0.2375 0.2375 0.00546875 0.0078125
0 0.228125 0.28515625 0.03359375 0.03828125
0 0.30546875 0.2921875 0.015625 0.0140625
0 0.303125 0.23828125 0.0140625 0.0234375
0 0.34765625 0.26796875 0.06875 0.0859375
0 0.4234375 0.2390625 0.01328125 0.021875
0 0.48984375 0.27578125 0.03125 0.053125
0 0.51640625 0.2109375 0.01640625 0.021875
0 0.5875 0.221875 0.02421875 0.0421875
0 0.66171875 0.20078125 0.03984375 0.05390625
0 0.65078125 0.38046875 0.08359375 0.10078125
0 0.68046875 0.35703125 0.05 0.096875