0 0.23125 0.44921875 0.2015625 0.30390625
0 0.18359375 0.2734375 0.015625 0.02578125
0 0.215625 0.2734375 0.01640625 0.02734375
0 0.22734375 0.28515625 0.0140625 0.01484375
0 0.2375 0.26640625 0.028125 0.040625
0 0.2640625 0.25859375 0.01328125 0.0171875
0 0.28046875 0.29140625 0.02734375 0.03203125
0 0.29453125 0.27578125 0.03984375 0.0375
0 0.34453125 0.28203125 0.04375 0.0640625
0 0.3671875 0.2734375 0.01484375 0.02734375
0 0.3875 0.26640625 0.02734375 0.0375
0 0.40234375 0.2609375 0.0140625 0.0234375
0 0.42734375 0.26484375 0.021875 0.01796875
0 0.50546875 0.24921875 0.00625 0.00859375
0 0.53046875 0.2609375 0.00546875 0.0078125
0 0.5515625 0.23671875 0.01015625 0.01328125
0 0.55859375 0.253125 0.0125 0.01328125
0 0.6328125 0.23125 0.0125 0.021875
0 0.6578125 0.240625 0.01875 0.03046875
0 0.6953125 0.2140625 0.00703125 0.01015625