0 0.065625 0.68359375 0.0328125 0.04375
0 0.10078125 0.65390625 0.0390625 0.05
0 0.1203125 0.68671875 0.0859375 0.0921875
0 0.12421875 0.7609375 0.09375 0.1125
0 0.1765625 0.68515625 0.01875 0.01875
0 0.2 0.690625 0.021875 0.0234375
0 0.284375 0.7484375 0.009375 0.0140625
0 0.33515625 0.77578125 0.1109375 0.1328125
0 0.321875 0.68203125 0.0296875 0.040625
0 0.35625 0.9765625 0.028125 0.015625
0 0.42109375 0.70859375 0.0234375 0.028125
0 0.45546875 0.76328125 0.028125 0.034375
0 0.5078125 0.73046875 0.0421875 0.05625
0 0.56328125 0.85078125 0.090625 0.11875
0 0.603125 0.78125 0.04375 0.0640625
0 0.64921875 0.78671875 0.075 0.09375
0 0.778125 0.81640625 0.0453125 0.05625
0 0.92890625 0.86640625 0.034375 0.05