0 0.159375 0.6984375 0.0625 0.08125
0 0.00390625 0.3875 0.0078125 0.1125
0 0.03359375 0.3625 0.0671875 0.13125
0 0.084375 0.43125 0.0671875 0.075
0 0.08046875 0.3796875 0.0328125 0.046875
0 0.509375 0.31484375 0.04375 0.0578125
0 0.55703125 0.340625 0.059375 0.09375
0 0.56640625 0.36171875 0.040625 0.053125
0 0.60625 0.31484375 0.078125 0.115625
0 0.69296875 0.26875 0.01875 0.025
0 0.7015625 0.28203125 0.0125 0.0109375
0 0.8046875 0.3125 0.071875 0.0890625
0 0.85859375 0.24453125 0.0109375 0.009375
0 0.90390625 0.2203125 0.0125 0.0125
0 0.9734375 0.4328125 0.053125 0.1171875