0 0.05390625 0.68828125 0.1078125 0.5203125
0 0.7140625 0.5515625 0.1953125 0.2765625
0 0.53125 0.45703125 0.040625 0.0578125
0 0.5515625 0.4546875 0.0140625 0.01875
0 0.3734375 0.428125 0.00625 0.009375
0 0.4046875 0.42421875 0.00625 0.00625
0 0.3921875 0.43828125 0.0109375 0.0171875
0 0.4 0.44296875 0.00625 0.0078125
0 0.41328125 0.434375 0.0140625 0.025
0 0.425 0.44609375 0.025 0.0375
0 0.2953125 0.45625 0.0296875 0.0453125
0 0.26015625 0.43046875 0.0671875 0.0765625
0 0.22265625 0.46953125 0.0078125 0.0109375
0 0.07734375 0.43515625 0.0125 0.0078125
0 0.16171875 0.40546875 0.0265625 0.0328125
0 0.17890625 0.41796875 0.0296875 0.0375
0 0.2046875 0.415625 0.0390625 0.05