0 0.05390625 0.74609375 0.10625 0.5078125
0 0.70859375 0.52578125 0.1609375 0.253125
0 0.5203125 0.45625 0.03359375 0.053125
0 0.5390625 0.45078125 0.01171875 0.01796875
0 0.3625 0.44609375 0.0046875 0.0078125
0 0.39296875 0.4390625 0.00625 0.00546875
0 0.38203125 0.4546875 0.009375 0.01640625
0 0.390625 0.4578125 0.0046875 0.00625
0 0.40234375 0.44765625 0.01171875 0.02265625
0 0.41484375 0.4578125 0.0203125 0.034375
0 0.290625 0.48359375 0.02421875 0.040625
0 0.253125 0.4625 0.0578125 0.06875
0 0.22109375 0.50546875 0.00625 0.01015625
0 0.07578125 0.48984375 0.0109375 0.00625
0 0.1546875 0.45 0.02265625 0.03046875
0 0.17265625 0.46015625 0.025 0.03359375
0 0.19765625 0.4546875 0.03359375 0.04453125