0 0.01484375 0.72421875 0.02890625 0.0921875
0 0.240625 0.765625 0.03203125 0.046875
0 0.26875 0.7234375 0.03203125 0.03515625
0 0.31171875 0.709375 0.01328125 0.01953125
0 0.35 0.72109375 0.00546875 0.00859375
0 0.371875 0.74140625 0.04765625 0.06484375
0 0.4 0.7125 0.00546875 0.0078125
0 0.41015625 0.7015625 0.00625 0.0078125
0 0.46171875 0.7484375 0.03125 0.040625
0 0.4890625 0.71640625 0.0125 0.02109375
0 0.496875 0.8203125 0.0109375 0.0171875
0 0.559375 0.73671875 0.01015625 0.01484375
0 0.5671875 0.74140625 0.00546875 0.00703125
0 0.57890625 0.7796875 0.015625 0.02265625
0 0.6 0.74453125 0.003125 0.0078125
0 0.6296875 0.76796875 0.0671875 0.09140625
0 0.65859375 0.7484375 0.0140625 0.02109375
0 0.6796875 0.82734375 0.00625 0.009375
0 0.71328125 0.734375 0.01640625 0.0234375
0 0.8 0.8015625 0.03515625 0.04921875
0 0.8734375 0.76875 0.03203125 0.0390625
0 0.9328125 0.76484375 0.05 0.059375