0 0.08984375 0.28515625 0.1375 0.159375
0 0.1828125 0.2953125 0.0328125 0.0453125
0 0.19765625 0.221875 0.028125 0.034375
0 0.30390625 0.26796875 0.0484375 0.0671875
0 0.2328125 0.19140625 0.0359375 0.05
0 0.28125 0.190625 0.01875 0.0328125
0 0.240625 0.1671875 0.0109375 0.0109375
0 0.26328125 0.17578125 0.04375 0.065625
0 0.3171875 0.17109375 0.021875 0.028125
0 0.38671875 0.14453125 0.0171875 0.025
0 0.38046875 0.21875 0.03125 0.04375
0 0.3890625 0.20390625 0.0390625 0.059375
0 0.42734375 0.1890625 0.0671875 0.0859375
0 0.4765625 0.20859375 0.0625 0.0671875
0 0.51484375 0.2375 0.0109375 0.0140625
0 0.48828125 0.16796875 0.0421875 0.053125
0 0.6765625 0.20625 0.01875 0.0265625
0 0.6859375 0.140625 0.0109375 0.0125
0 0.79375 0.10703125 0.0296875 0.0375
0 0.77578125 0.1859375 0.04375 0.0484375