0 0.18125 0.13203125 0.15 0.171875
0 0.265625 0.178125 0.0375 0.0484375
0 0.309375 0.11328125 0.03125 0.0359375
0 0.39375 0.1984375 0.0546875 0.071875
0 0.3546875 0.096875 0.0390625 0.053125
0 0.40078125 0.115625 0.0203125 0.034375
0 0.37265625 0.0765625 0.0125 0.0125
0 0.38984375 0.09453125 0.05 0.0703125
0 0.44375 0.1109375 0.025 0.03125
0 0.52109375 0.1125 0.0203125 0.0265625
0 0.48671875 0.18046875 0.0359375 0.046875
0 0.5 0.16953125 0.0453125 0.0640625
0 0.5421875 0.1703125 0.0734375 0.0921875
0 0.58359375 0.20859375 0.0671875 0.071875
0 0.60859375 0.25078125 0.0125 0.015625
0 0.609375 0.17421875 0.046875 0.05625
0 0.7765625 0.284375 0.0203125 0.028125
0 0.8109375 0.22421875 0.0125 0.0140625
0 0.92734375 0.23359375 0.0328125 0.0390625
0 0.8796875 0.303125 0.046875 0.053125