0 0.22578125 0.87421875 0.05625 0.084375
0 0.0734375 0.56484375 0.0609375 0.103125
0 0.12421875 0.54296875 0.059375 0.11875
0 0.165625 0.603125 0.0609375 0.075
0 0.16484375 0.553125 0.0296875 0.0390625
0 0.5703125 0.49609375 0.046875 0.059375
0 0.62109375 0.52578125 0.059375 0.090625
0 0.66875 0.5 0.090625 0.1203125
0 0.76484375 0.44375 0.01875 0.028125
0 0.7765625 0.46015625 0.0125 0.0125
0 0.89140625 0.490625 0.0859375 0.090625
0 0.94765625 0.41875 0.009375 0.015625
0 0.9953125 0.3921875 0.009375 0.0125