0 0.209375 0.478125 0.2234375 0.3234375
0 0.15078125 0.3 0.0171875 0.028125
0 0.184375 0.2984375 0.0171875 0.0296875
0 0.196875 0.31015625 0.015625 0.015625
0 0.20625 0.28984375 0.03125 0.04375
0 0.2328125 0.28125 0.015625 0.0171875
0 0.2515625 0.31328125 0.0296875 0.034375
0 0.265625 0.296875 0.04375 0.040625
0 0.3171875 0.30078125 0.0484375 0.0671875
0 0.340625 0.28984375 0.015625 0.028125
0 0.3609375 0.28203125 0.03125 0.0390625
0 0.3765625 0.275 0.015625 0.025
0 0.40234375 0.278125 0.0234375 0.0203125
0 0.48203125 0.2578125 0.00625 0.009375
0 0.5078125 0.26875 0.00625 0.0078125
0 0.528125 0.2421875 0.0109375 0.0140625
0 0.53671875 0.25859375 0.0140625 0.0140625
0 0.61171875 0.23203125 0.0140625 0.0234375
0 0.63828125 0.240625 0.021875 0.0328125
0 0.67578125 0.2109375 0.0078125 0.0109375