0 0.00390625 0.1828125 0.0078125 0.034375
0 0.09140625 0.14921875 0.021875 0.0296875
0 0.08046875 0.2375 0.034375 0.04375
0 0.0953125 0.22265625 0.0484375 0.078125
0 0.1453125 0.19765625 0.0765625 0.1
0 0.20546875 0.2203125 0.071875 0.078125
0 0.2484375 0.2453125 0.0125 0.0140625
0 0.21953125 0.1734375 0.0484375 0.05625
0 0.415625 0.20234375 0.01875 0.03125
0 0.421875 0.140625 0.009375 0.0125
0 0.50234375 0.17890625 0.0359375 0.0453125
0 0.51484375 0.10546875 0.0234375 0.03125
0 0.6828125 0.09765625 0.0375 0.0609375
0 0.78828125 0.05 0.015625 0.0203125
0 0.93046875 0.23359375 0.096875 0.1875