0 0.0703125 0.29375 0.0140625 0.015625
0 0.0859375 0.3234375 0.06875 0.075
0 0.1296875 0.39296875 0.0171875 0.0171875
0 0.18671875 0.27109375 0.0078125 0.0125
0 0.20703125 0.253125 0.00625 0.0078125
0 0.2 0.30234375 0.0375 0.0421875
0 0.28125 0.3046875 0.0171875 0.015625
0 0.275 0.24921875 0.015625 0.025
0 0.3234375 0.2765625 0.0765625 0.09375
0 0.39921875 0.24140625 0.0140625 0.0234375
0 0.46953125 0.27421875 0.0359375 0.05625
0 0.49296875 0.20625 0.0171875 0.0234375
0 0.56640625 0.21171875 0.028125 0.0453125
0 0.64140625 0.18515625 0.04375 0.0578125
0 0.64296875 0.37109375 0.09375 0.1109375
0 0.671875 0.34453125 0.0578125 0.103125