0 0.06640625 0.48125 0.103125 0.0828125
0 0.89765625 0.72890625 0.2046875 0.1390625
0 0.86875 0.9390625 0.0625 0.0828125
0 0.6390625 0.81796875 0.0734375 0.0625
0 0.75078125 0.64453125 0.078125 0.05625
0 0.34296875 0.49453125 0.0609375 0.09375
0 0.18046875 0.48046875 0.0828125 0.059375
0 0.159375 0.675 0.0375 0.0828125
0 0.23671875 0.7859375 0.059375 0.059375
0 0.13359375 0.81875 0.0921875 0.0546875
0 0.02109375 0.5921875 0.0421875 0.1265625
0 0.1015625 0.56640625 0.0734375 0.0765625
0 0.28203125 0.15 0.15 0.0828125
0 0.20859375 0.190625 0.059375 0.0828125
0 0.1234375 0.19921875 0.0984375 0.1265625
0 0.48828125 0.15078125 0.090625 0.1
0 0.78828125 0.0875 0.0546875 0.04375