0 0.040625 0.28125 0.0671875 0.0734375
0 0.08984375 0.17109375 0.0484375 0.0609375
0 0.03359375 0.1515625 0.0359375 0.0375
0 0.203125 0.06171875 0.0890625 0.096875
0 0.12265625 0.1640625 0.0234375 0.0453125
0 0.39140625 0.14140625 0.1078125 0.06875
0 0.60703125 0.1359375 0.1203125 0.0671875
0 0.578125 0.02109375 0.046875 0.0375
0 0.728125 0.05234375 0.046875 0.046875
0 0.8609375 0.10234375 0.0390625 0.0359375
0 0.85234375 0.45703125 0.140625 0.1125
0 0.45078125 0.82265625 0.05625 0.0828125
0 0.1453125 0.04765625 0.040625 0.0546875