0 0.58515625 0.36953125 0.10625 0.0640625
0 0.96171875 0.43203125 0.0765625 0.0921875
0 0.77421875 0.45234375 0.1046875 0.071875
0 0.5828125 0.4921875 0.1140625 0.06875
0 0.07578125 0.43203125 0.071875 0.0703125
0 0.28828125 0.01953125 0.23125 0.0390625
0 0.784375 0.06171875 0.15625 0.1109375
0 0.8890625 0.10625 0.221875 0.128125
0 0.89453125 0.25078125 0.19375 0.10625
0 0.7203125 0.2375 0.09375 0.0546875
0 0.66015625 0.21796875 0.0609375 0.0390625
0 0.9484375 0.87578125 0.103125 0.1296875
0 0.68515625 0.9296875 0.1140625 0.06875
0 0.7 0.87109375 0.096875 0.046875
0 0.61875 0.853125 0.05625 0.0625
0 0.21171875 0.94609375 0.1 0.065625
0 0.2125 0.878125 0.1796875 0.078125
0 0.2203125 0.81484375 0.0734375 0.04375
0 0.371875 0.671875 0.0859375 0.0578125
0 0.090625 0.5703125 0.146875 0.0640625
0 0.12890625 0.07734375 0.2578125 0.1546875