0 0.32265625 0.128125 0.1390625 0.0890625
0 0.34765625 0.04375 0.0765625 0.0390625
0 0.44921875 0.0421875 0.075 0.0453125
0 0.57578125 0.090625 0.1015625 0.05
0 0.3546875 0.253125 0.1078125 0.0859375
0 0.5109375 0.2703125 0.140625 0.05625
0 0.9640625 0.1375 0.071875 0.0734375
0 0.19921875 0.36328125 0.096875 0.0515625
0 0.0296875 0.2921875 0.059375 0.04375
0 0.16484375 0.67421875 0.084375 0.0671875
0 0.39140625 0.78984375 0.109375 0.084375
0 0.61484375 0.74375 0.078125 0.040625
0 0.62890625 0.8109375 0.0546875 0.0796875
0 0.30390625 0.84140625 0.09375 0.0390625