0 0.54140625 0.09609375 0.5828125 0.1921875
0 0.15234375 0.2734375 0.3046875 0.33125
0 0.13828125 0.1203125 0.2765625 0.240625
0 0.38671875 0.321875 0.103125 0.053125
0 0.4625 0.46640625 0.1046875 0.0640625
0 0.4640625 0.41875 0.090625 0.0390625
0 0.43125 0.36796875 0.1078125 0.0578125
0 0.5921875 0.546875 0.1078125 0.06875
0 0.759375 0.6046875 0.159375 0.1328125
0 0.9234375 0.67578125 0.0921875 0.0453125
0 0.925 0.59375 0.1 0.0671875
0 0.91328125 0.50546875 0.115625 0.0953125
0 0.921875 0.3703125 0.053125 0.0984375
0 0.86640625 0.30546875 0.0609375 0.0375
0 0.96796875 0.75078125 0.0640625 0.125
0 0.97734375 0.16796875 0.0453125 0.0578125
0 0.9328125 0.0203125 0.1296875 0.040625
0 0.97421875 0.0703125 0.0515625 0.08125
0 0.428125 0.65234375 0.0515625 0.0453125
0 0.31171875 0.6484375 0.0625 0.0375
0 0.63671875 0.3171875 0.1234375 0.0609375
0 0.58828125 0.2734375 0.0546875 0.03125
0 0.33125 0.04765625 0.09375 0.0671875