0 0.0953125 0.384375 0.1609375 0.178125
0 0.125 0.4796875 0.0984375 0.1
0 0.1625 0.63046875 0.0671875 0.171875
0 0.628125 0.671875 0.246875 0.2125
0 0.53984375 0.5703125 0.2609375 0.184375
0 0.08828125 0.24921875 0.1234375 0.1390625
0 0.346875 0.26953125 0.1390625 0.1328125
0 0.6546875 0.18671875 0.140625 0.1703125
0 0.4546875 0.07421875 0.1046875 0.078125
0 0.7859375 0.059375 0.0953125 0.0625
0 0.146875 0.159375 0.096875 0.05625
0 0.0625 0.13125 0.0625 0.04375
0 0.65234375 0.43671875 0.2140625 0.165625
0 0.46171875 0.3890625 0.075 0.1234375
0 0.3515625 0.4234375 0.11875 0.0828125
0 0.025 0.55078125 0.05 0.1921875
0 0.92421875 0.446875 0.1515625 0.43125
0 0.584375 0.93359375 0.4734375 0.1328125