0 0.78984375 0.75625 0.134375 0.06875
0 0.96171875 0.6546875 0.0765625 0.103125
0 0.771875 0.4140625 0.1140625 0.121875
0 0.83203125 0.48359375 0.046875 0.0609375
0 0.67109375 0.20390625 0.084375 0.125
0 0.4140625 0.0453125 0.0703125 0.090625
0 0.05078125 0.08125 0.0859375 0.0609375
0 0.50234375 0.290625 0.0671875 0.0625
0 0.55078125 0.1828125 0.125 0.1625
0 0.51015625 0.0921875 0.059375 0.0421875
0 0.66015625 0.01953125 0.0609375 0.0390625
0 0.83671875 0.14609375 0.1734375 0.1953125
0 0.78359375 0.196875 0.10625 0.15625
0 0.75703125 0.3 0.1 0.0421875
0 0.89375 0.11875 0.1109375 0.14375
0 0.54609375 0.9515625 0.1015625 0.096875
0 0.62578125 0.38515625 0.103125 0.0859375
0 0.3234375 0.39921875 0.0703125 0.0390625