0 0.75625 0.46484375 0.2921875 0.2703125
0 0.7796875 0.3328125 0.1359375 0.0578125
0 0.79375 0.16171875 0.11875 0.084375
0 0.89765625 0.08984375 0.0453125 0.0578125
0 0.0703125 0.0328125 0.109375 0.065625
0 0.93984375 0.30703125 0.1203125 0.2828125
0 0.9609375 0.91015625 0.078125 0.1484375
0 0.21328125 0.5859375 0.109375 0.121875
0 0.37578125 0.7171875 0.1046875 0.075
0 0.65078125 0.87421875 0.171875 0.0984375
0 0.346875 0.9453125 0.1109375 0.084375
0 0.73046875 0.0765625 0.0515625 0.0703125
0 0.1234375 0.31796875 0.0765625 0.0625