0 0.415625 0.4921875 0.175 0.1890625
0 0.49921875 0.471875 0.153125 0.1828125
0 0.6390625 0.603125 0.1734375 0.2890625
0 0.671875 0.3 0.15625 0.1015625
0 0.63203125 0.44296875 0.10625 0.0609375
0 0.378125 0.28046875 0.075 0.096875
0 0.16171875 0.18671875 0.1671875 0.1546875
0 0.028125 0.11328125 0.0515625 0.1640625
0 0.121875 0.39296875 0.24375 0.2390625
0 0.82109375 0.68046875 0.153125 0.159375
0 0.93125 0.82109375 0.0953125 0.090625
0 0.79453125 0.83828125 0.184375 0.1375
0 0.60546875 0.81484375 0.15 0.153125
0 0.115625 0.8515625 0.1828125 0.146875
0 0.4234375 0.75 0.2328125 0.35
0 0.1921875 0.5609375 0.2828125 0.25625
0 0.61875 0.90625 0.065625 0.0953125
0 0.7125 0.37578125 0.1640625 0.1046875