0 0.5453125 0.7875 0.0703125 0.05
0 0.596875 0.9 0.2 0.0625
0 0.5546875 0.84921875 0.09375 0.0421875
0 0.33359375 0.70234375 0.0546875 0.0578125
0 0.78515625 0.5734375 0.1015625 0.075
0 0.6 0.4109375 0.096875 0.0703125
0 0.03359375 0.4640625 0.0671875 0.05625
0 0.02109375 0.8890625 0.0421875 0.053125
0 0.1984375 0.36328125 0.0640625 0.0421875
0 0.43671875 0.18671875 0.0796875 0.0546875
0 0.89296875 0.2765625 0.090625 0.0609375
0 0.71875 0.27578125 0.0765625 0.0453125
0 0.20390625 0.01953125 0.1265625 0.0390625
0 0.23359375 0.22109375 0.084375 0.028125
0 0.61640625 0.53125 0.0671875 0.05
0 0.02734375 0.56171875 0.0546875 0.0515625
0 0.02265625 0.5140625 0.0453125 0.0390625
0 0.10703125 0.51640625 0.0390625 0.034375
0 0.38828125 0.41484375 0.04375 0.021875
0 0.3796875 0.5015625 0.0828125 0.0359375
0 0.3265625 0.51796875 0.0546875 0.0421875
0 0.575 0.19140625 0.0328125 0.0328125
0 0.621875 0.17578125 0.0390625 0.046875
0 0.471875 0.3140625 0.0546875 0.03125
0 0.3109375 0.228125 0.0328125 0.015625
0 0.371875 0.31796875 0.0453125 0.0328125
0 0.375 0.27265625 0.0390625 0.034375
0 0.3921875 0.0453125 0.0421875 0.0328125
0 0.68125 0.0234375 0.0359375 0.0375
0 0.49375 0.125 0.0421875 0.0328125
0 0.56796875 0.146875 0.0421875 0.0234375
0 0.1578125 0.13984375 0.075 0.0265625
0 0.27890625 0.1328125 0.0421875 0.03125
0 0.71953125 0.4578125 0.0953125 0.075
0 0.14296875 0.75390625 0.084375 0.0265625
0 0.19921875 0.5703125 0.0484375 0.028125
0 0.2640625 0.5296875 0.0640625 0.01875
0 0.16171875 0.43984375 0.065625 0.0515625
0 0.51484375 0.22578125 0.0765625 0.06875