0 0.66328125 0.90546875 0.315625 0.1890625
0 0.68828125 0.825 0.146875 0.146875
0 0.421875 0.90625 0.1203125 0.090625
0 0.1359375 0.69453125 0.15 0.1109375
0 0.22109375 0.78671875 0.1171875 0.075
0 0.1203125 0.95234375 0.196875 0.0953125
0 0.1234375 0.55625 0.159375 0.0796875
0 0.1953125 0.53203125 0.115625 0.0625
0 0.02578125 0.56875 0.0515625 0.0625
0 0.01953125 0.68828125 0.0390625 0.059375
0 0.45625 0.571875 0.0921875 0.0703125
0 0.35 0.51484375 0.0859375 0.040625
0 0.459375 0.49140625 0.0984375 0.05
0 0.396875 0.44765625 0.0953125 0.0453125
0 0.33359375 0.4625 0.06875 0.034375
0 0.60859375 0.59375 0.0875 0.0671875
0 0.57421875 0.53671875 0.125 0.05
0 0.909375 0.728125 0.1015625 0.0609375
0 0.95 0.47578125 0.1 0.0796875
0 0.80234375 0.51796875 0.1046875 0.0640625
0 0.82890625 0.47578125 0.0890625 0.0578125
0 0.5296875 0.41484375 0.0703125 0.0453125
0 0.43046875 0.12421875 0.425 0.121875
0 0.9234375 0.05078125 0.153125 0.1015625
0 0.790625 0.03125 0.0828125 0.053125
0 0.69296875 0.1671875 0.1140625 0.0421875
0 0.74609375 0.20625 0.0625 0.0375
0 0.9390625 0.21328125 0.08125 0.046875
0 0.1 0.36171875 0.0515625 0.04375
0 0.11328125 0.12578125 0.1171875 0.0765625
0 0.0515625 0.21953125 0.103125 0.0671875
0 0.0140625 0.31953125 0.028125 0.0515625
0 0.4765625 0.70078125 0.246875 0.15
0 0.6484375 0.69609375 0.08125 0.0546875
0 0.71171875 0.6984375 0.0453125 0.065625
0 0.8890625 0.64765625 0.1046875 0.0609375
0 0.2890625 0.6359375 0.0984375 0.046875
0 0.6328125 0.31484375 0.0984375 0.0359375
0 0.83828125 0.3015625 0.08125 0.0453125
0 0.1625 0.38984375 0.0546875 0.04375
0 0.26953125 0.4 0.0859375 0.040625
0 0.25625 0.959375 0.0765625 0.0703125
0 0.93984375 0.88828125 0.1203125 0.0609375
0 0.97421875 0.95234375 0.0515625 0.084375