0 0.275 0.5671875 0.55 0.3125
0 0.2625 0.809375 0.525 0.38125
0 0.71484375 0.90625 0.221875 0.1796875
0 0.7265625 0.7484375 0.4453125 0.1796875
0 0.70859375 0.61953125 0.225 0.103125
0 0.759375 0.509375 0.2234375 0.0890625
0 0.728125 0.3265625 0.1671875 0.103125
0 0.34453125 0.30234375 0.15 0.05625
0 0.0375 0.2328125 0.075 0.053125
0 0.0703125 0.30234375 0.140625 0.0703125
0 0.1671875 0.359375 0.1265625 0.0640625
0 0.78203125 0.40546875 0.1625 0.090625
0 0.90390625 0.42578125 0.08125 0.0703125
0 0.93515625 0.9265625 0.1296875 0.14375
0 0.96640625 0.83046875 0.0671875 0.1359375
0 0.4109375 0.09453125 0.04375 0.04375