0 0.58671875 0.75 0.35 0.121875
0 0.21875 0.77421875 0.13125 0.1328125
0 0.2203125 0.93671875 0.090625 0.059375
0 0.7546875 0.91328125 0.0875 0.05625
0 0.6078125 0.53515625 0.0671875 0.0640625
0 0.6921875 0.571875 0.0734375 0.0453125
0 0.2109375 0.48828125 0.1546875 0.0734375
0 0.11484375 0.4 0.071875 0.0765625
0 0.08359375 0.28984375 0.0953125 0.065625
0 0.18515625 0.278125 0.1125 0.0578125
0 0.17734375 0.10546875 0.1375 0.0796875
0 0.09296875 0.14921875 0.0625 0.053125
0 0.5 0.56484375 0.075 0.0515625
0 0.43046875 0.2390625 0.053125 0.0375
0 0.60078125 0.26640625 0.0859375 0.05
0 0.896875 0.246875 0.0859375 0.0796875
0 0.77734375 0.2328125 0.0765625 0.078125
0 0.2953125 0.659375 0.0625 0.075
0 0.3875 0.5671875 0.0515625 0.040625
0 0.17890625 0.5546875 0.121875 0.059375
0 0.1015625 0.60859375 0.059375 0.04375
0 0.88671875 0.03046875 0.0828125 0.0609375
0 0.784375 0.09453125 0.090625 0.0359375
0 0.928125 0.48046875 0.14375 0.0796875
0 0.15546875 0.36015625 0.0671875 0.046875
0 0.02265625 0.3921875 0.0453125 0.090625
0 0.040625 0.4765625 0.08125 0.09375
0 0.6765625 0.3375 0.1015625 0.0375
0 0.76796875 0.3203125 0.096875 0.1
0 0.47109375 0.34140625 0.1015625 0.059375
0 0.4015625 0.24921875 0.0171875 0.0140625
0 0.475 0.290625 0.159375 0.075
0 0.26796875 0.115625 0.0609375 0.0515625
0 0.39609375 0.04375 0.059375 0.0390625