0 0.5625 0.23671875 0.253125 0.1125
0 0.36875 0.57734375 0.134375 0.1125
0 0.22109375 0.60078125 0.084375 0.0671875
0 0.2 0.55625 0.071875 0.0359375
0 0.209375 0.65390625 0.1046875 0.0484375
0 0.03125 0.309375 0.0625 0.103125
0 0.36796875 0.159375 0.08125 0.05625
0 0.13359375 0.2546875 0.0921875 0.059375
0 0.84765625 0.09921875 0.05625 0.0328125
0 0.94453125 0.13046875 0.08125 0.046875
0 0.55703125 0.08515625 0.05 0.025
0 0.46015625 0.12890625 0.0484375 0.0390625
0 0.5125 0.14609375 0.053125 0.0359375
0 0.24609375 0.12265625 0.059375 0.040625
0 0.81875 0.959375 0.0859375 0.0625
0 0.1546875 0.0125 0.075 0.025