0 0.24609375 0.5171875 0.2296875 0.19375
0 0.5046875 0.6171875 0.1453125 0.0921875
0 0.51875 0.51640625 0.1140625 0.09375
0 0.41171875 0.51640625 0.090625 0.0765625
0 0.5640625 0.40625 0.071875 0.0671875
0 0.72109375 0.38359375 0.1265625 0.090625
0 0.11484375 0.25234375 0.1234375 0.0859375
0 0.16953125 0.146875 0.059375 0.0484375
0 0.32265625 0.05 0.0828125 0.046875
0 0.565625 0.05859375 0.071875 0.0640625
0 0.64140625 0.1328125 0.0625 0.0515625
0 0.3265625 0.2703125 0.09375 0.053125
0 0.490625 0.28984375 0.0578125 0.046875
0 0.43828125 0.22734375 0.0609375 0.05625
0 0.884375 0.96484375 0.1453125 0.0703125
0 0.55390625 0.71875 0.0609375 0.053125
0 0.9140625 0.4453125 0.06875 0.065625
0 0.76328125 0.2109375 0.075 0.0421875
0 0.70703125 0.121875 0.071875 0.0390625
0 0.84921875 0.1375 0.0734375 0.0625
0 0.471875 0.17109375 0.08125 0.0484375
0 0.42578125 0.1046875 0.1015625 0.046875
0 0.6171875 0.23515625 0.05625 0.046875
0 0.58984375 0.3359375 0.125 0.0734375
0 0.34765625 0.37578125 0.05 0.040625
0 0.05234375 0.065625 0.0640625 0.046875
0 0.128125 0.053125 0.046875 0.040625
0 0.659375 0.9578125 0.159375 0.0625
0 0.85546875 0.34765625 0.0640625 0.034375
0 0.75078125 0.30625 0.0703125 0.04375
0 0.715625 0.4546875 0.0890625 0.046875
0 0.625 0.41875 0.0609375 0.053125
0 0.2625 0.31171875 0.0453125 0.0390625
0 0.10078125 0.678125 0.115625 0.0875