0 0.46953125 0.7140625 0.0859375 0.0671875
0 0.7625 0.5125 0.0921875 0.0625
0 0.41328125 0.1625 0.0875 0.0625
0 0.64765625 0.9734375 0.059375 0.053125
0 0.65390625 0.89765625 0.05625 0.0609375
0 0.55234375 0.97578125 0.05 0.0484375
0 0.1421875 0.85859375 0.0734375 0.0609375
0 0.03125 0.62265625 0.0625 0.1359375
0 0.92265625 0.5671875 0.078125 0.075
0 0.5765625 0.2359375 0.0609375 0.053125
0 0.34296875 0.20390625 0.059375 0.0609375
0 0.37265625 0.0328125 0.0828125 0.065625
0 0.41640625 0.60625 0.059375 0.0625