0 0.29296875 0.12265625 0.165625 0.2
0 0.4625 0.5546875 0.2234375 0.215625
0 0.2890625 0.91640625 0.196875 0.1671875
0 0.4875 0.94609375 0.1609375 0.1078125
0 0.75078125 0.88828125 0.096875 0.1328125
0 0.60546875 0.73671875 0.1234375 0.13125
0 0.74609375 0.5875 0.1234375 0.1265625
0 0.9046875 0.54453125 0.1453125 0.1265625
0 0.79765625 0.37734375 0.1265625 0.1234375
0 0.8109375 0.29453125 0.1234375 0.0828125
0 0.70703125 0.25625 0.1203125 0.10625
0 0.609375 0.26171875 0.1203125 0.084375
0 0.43203125 0.31640625 0.1453125 0.1
0 0.9640625 0.08125 0.071875 0.1625
0 0.38046875 0.72734375 0.1484375 0.10625
0 0.30546875 0.4859375 0.13125 0.1125
0 0.15 0.07578125 0.128125 0.0890625
0 0.565625 0.39140625 0.075 0.0484375
0 0.74296875 0.4640625 0.0875 0.0703125
0 0.61640625 0.8421875 0.109375 0.075
0 0.8515625 0.84296875 0.1078125 0.0765625
0 0.934375 0.940625 0.13125 0.11875